1286.9614
1021.3615
901.9801
1193.5862
592.50415
1284.3389
1129.1609
234.88559
1230.6409
716.5029
456.25232
877.91565
364.41367
1379.3058
1265.1809
992.72253
1348.5327
1182.5214
1524.713
370.23282
2251.4536
1160.6472
362.85358
815.79913
533.8204
421.85913
1437.262
1324.4222
858.3793
1154.291
540.92993
462.11874
397.38416
457.69965
1374.7137
324.0774
1059.7756
581.88995
2113.518
502.22357
782.25354
1513.654
594.9846
380.69342
327.34518
444.0537
1174.7173
728.4462
561.0588
274.28198
654.8827
1462.289
936.8323
1315.2267
927.1531
794.10986
670.6407
1183.1553
482.54022
652.45026
1237.6943
336.3298
301.88837
1134.931
1485.3306
1144.7113
396.0816
1069.2853
603.49835
1275.4619
1162.8225
765.5675
1174.7313
1223.3755
912.59534
897.2749
768.0843
1094.0581
488.42365
1313.4741
815.592
1325.438
218.8189
1158.552
753.0348
1041.0803
874.6036
1114.6407
1006.03784
1113.9525
1353.7341
843.3849
1237.6461
2419.559
688.7695
1317.6156
607.68884
1163.1292
656.2963
697.5606
1449.1348
1100.8845
1204.5627
380.9112
1044.3479
1351.1804
830.6115
736.64105
2258.2888
2380.9753
1428.1101
497.55933
793.4907
278.13007
554.2189
395.36887
2303.8682
1086.4507
1340.593
671.11755
359.82892
749.8025
1204.9303
1363.3766
1337.2466
1046.2424
387.22726
552.41064
2308.7275
854.0836
661.66766
466.4834
1019.8801
2061.163
1224.6063
187.06876
1145.8566
614.9037
858.6102
1010.9484
1328.6632
1387.2842
476.4572
754.7392
812.86597
510.13687
833.8345
1116.0508
363.2094
1285.4791
2334.1228
916.6219
982.48474
406.12442
742.1102
1087.3132
1174.8992
1420.772
898.8703
304.24887
1079.4297
1354.6592
781.8564
1077.4678
1098.6482
842.477
2387.73
1477.0283
845.423
724.67236
852.1881
363.7702
564.073
549.22314
485.34534
1544.5378
1203.0364
503.20956
1199.7915
803.3868
1494.7977
576.1647
2551.3438
400.3291
2325.344
1950.9543
1516.4941
2357.5312
407.40652
1388.8623
850.84534
570.77344
1380.4879
1048.8053
211.55045
353.08188
868.34766
352.3252
696.90686
1521.2341
1014.703
1162.1517
1193.3989
593.48157
299.10666
776.64417
625.844
498.2503
383.4652
1073.286
899.0911
556.6096
421.93277
2246.9285
1433.5466
793.91345
407.86978
643.2468
1065.8738
690.2794
2186.9814
604.18384
2225.4824
243.64645
1301.6918
1254.7357
2204.933
1425.3333
520.1046
417.63947
1082.9968
207.14493
571.2768
1180.0559
1182.8584
1100.9579
764.24963
1095.6891
2362.2434
939.5779
1114.7506
191.11166
2549.5774
1123.2026
928.08984
699.92487
1360.2485
1082.8829
920.9494
1279.2177
1407.4056
818.9159
749.4913
550.95764
1203.762
1028.183
1454.2317
1502.6841
1380.2891
1059.0548
1404.5527
1437.2294
676.0963
408.62646
932.8434
1015.69116
1340.0449
1018.256
834.40173
843.62476
1094.6052
1609.8185
642.14886
1124.874
540.1745
1329.2877
541.19214
1291.1392
1125.9226
1624.3381
417.2876
1131.8279
1240.4586
499.22772
513.2397
1127.4385
518.8301
231.75214
812.20953
1154.9364
1747.9418
1371.4712
1008.8401
1124.5857
359.27557
1195.685
1274.4695
2262.9656
682.3345
249.04306
1021.3742
1367.146
262.81006
439.67487
1071.4116
1402.4064
755.49854
423.5547
342.1906
1355.9355
1594.6272
668.59375
558.01556
2455.805
976.2621
966.036
1161.7671
857.48474
334.2057
339.7971
835.6456
1134.0317
973.0226
933.0411
338.21286
2436.7812
595.1124
372.38715
1318.5813
904.81744
314.8388
1080.1383
1522.5983
429.3975
1174.6407
1083.3005
1597.8739
955.55133
968.4042
922.7371
428.0998
1163.0613
1001.42426
351.2726
1110.2048
1326.374
313.97058
607.27454
663.4081
908.2887
493.00555
597.91974
505.24335
616.42523
140.92938
395.12085
304.97937
744.8236
740.4365
612.39764
693.7671
371.22217
1400.2709
813.1363
261.56024
728.1832
1578.9763
1109.8867
1385.4529
472.63608
298.22107
1062.7981
934.7349
986.36646
1277.5717
1119.2325
506.19986
1331.6465
147.96411
382.6854
1732.5972
772.50287
490.8866
204.2055
1430.0376
486.4885
849.8059
1220.4135
857.2044
1072.1677
567.9582
521.51764
997.8908
1099.4761
719.439
1027.6389
1629.9159
1071.4307
867.0975
998.17865
620.22125
1504.3047
908.1001
1493.5078
734.3273
419.58405
1316.0735
670.6361
948.95496
487.6566
333.1305
987.1878
805.41675
589.20746
1590.2695
384.789
989.99255
935.2725
447.8345
746.4162
777.62494
463.12695
383.07062
806.0089
1467.734
217.15692
1016.3469
462.0695
1042.5559
904.2725
819.2581
1058.5302
953.62976
1144.1926
1092.3308
858.7199
551.44055
714.4557
1520.3157
1767.3129
877.10876
1325.6392
1063.8499
615.3456
537.3445
1367.1631
1390.7898
839.4545
1373.8069
1311.4382
460.44855
741.5982
1384.3055
527.5078
924.48773
1228.1655
1220.0856
627.951
1224.3235
487.91254
555.9259
1145.8494
617.9586
1203.8794
777.48816
1192.6389
388.29752
977.64813
1137.3431
1184.4065
685.73364
1329.6113
1077.2755
1412.5498
1021.83655
1203.8765
423.22693
673.2447
467.7711
693.6602
447.29828
1270.9863
894.31445
1635.8589
587.5907
572.5453
718.3325
1248.6626
1243.9812
828.88525
2143.488
587.821
387.41333
757.11163
1149.6396
1156.7524
811.99756
435.0877
1200.4111
645.0401
600.631
1260.004
1287.7595
985.554
1436.2035
1127.2231
455.4972
454.6679
744.59045
958.506
1268.7695
1315.7557
491.8022
174.61957
447.91925
351.60107
1002.31335
1478.0872
331.82834
716.7816
816.5491
470.46106
1597.569
852.7122
757.69165
1123.3453
1557.5679
414.94598
1146.4213
1110.1072
1266.9918
619.1253
779.6497
410.71277
321.07916
380.69434
736.37854
1392.8464
559.51904
748.0476
732.0224
641.6925
1039.9802
2182.3818
687.71277
1096.441
937.7947
2393.0474
492.73444
1461.2031
1446.5321
755.4021
1124.4092
973.4662
970.28265
1284.2212
1057.8901
716.8994
2213.1907
568.1396
377.5245
1080.1475
565.9324
656.7958
1740.0492
1546.8214
1313.4895
300.53735
1098.0345
248.53131
763.2853
1030.0979
1204.8857
661.77966
754.7162
881.6528
382.3541
323.4405
1190.4446
729.1911
427.2312
1456.0906
1071.827
1426.728
887.6969
676.33704
152.14053
629.8553
1508.253
321.2331
363.25073
491.8183
571.22614
977.46313
1055.0988
681.8014
1290.6245
1163.1207
150.28004
998.73755
550.81805
1130.7448
631.52747
1240.8804
1088.1409
1343.1887
1140.9453
449.70996
791.69324
708.38855
1300.7654
1332.1509
377.1042
1723.9459
343.70303
570.18494
1189.9761
900.245
204.76239
806.62933
667.1848
1299.6221
530.9394
686.14514
1537.4177
1210.1906
198.96835
1210.2397
826.3197
1277.6462
516.989
1040.8243
1281.9602
1277.138
338.41794
1112.4161
1658.1537
563.1809
1190.3032
665.1988
730.4353
763.6267
685.1568
1376.6278
1146.7634
2388.4617
924.01605
1971.6755
1218.027
728.5158
1586.2876
1109.9244
2097.2327
593.4231
1131.6317
1185.7598
758.85815
606.3294
645.3045
1485.4745
802.2057
1120.6394
461.76437
507.57535
1557.2366
493.7826
273.8122
891.19226
391.68207
1167.8345
180.20074
979.31915
862.5251
691.32355
661.51404
258.35852
556.6817
274.01202
1025.2673
663.25055
1025.9526
451.46838
634.06714
1649.1318
1180.7819
1198.5511
572.343
1100.2966
1230.2087
1039.1786
326.82626
1102.9221
325.6989
379.07083
1042.4752
1432.1584
2264.0413
1487.3403
474.90118
306.9335
915.59985
734.53595
923.56396
435.0217
300.00684
766.0995
327.62134
1103.9539
1231.4126
1162.7388
1146.9606
463.02316
829.9811
1286.1902
1586.5647
2152.8345
797.2621
603.1837
1034.8274
698.77344
775.7163
447.20224
782.9285
1001.44775
786.74164
1045.8026
1550.1732
654.47107
571.7398
405.77527
1309.0745
536.8861
500.63538
1002.7416
944.55676
883.77606
1261.5752
1101.2872
1462.3423
999.23035
980.17017
619.2458
572.2528
596.1737
1605.6956
632.3677
1523.8157
1223.54
1844.4417
440.56985
530.5205
934.5753
437.6956
1653.8674
565.88885
611.0001
1013.7188
1212.6709
636.1842
965.10254
1489.8627
718.74976
947.88403
1829.6213
691.8015
1182.6069
221.97649
1116.5063
467.549
1458.2385
544.3709
674.4386
1393.5696
888.47186
1476.8226
1097.1411
1100.3273
952.1575
653.8235
1191.6814
461.6612
1465.4806
1043.2003
930.13794
340.59003
1005.8433
540.125
463.58383
846.777
842.9862
260.06375
1249.1637
1055.7793
1097.3127
397.7095
598.83026
588.9905
480.40692
965.371
741.61194
1221.0317
387.51633
1545.55
239.34229
791.5656
741.7968
608.8336
176.42787
753.8737
705.14026
682.10657
274.3324
640.6328
785.93677
431.15695
274.35406
345.2955
739.9723
1054.1265
836.3452
982.0469
1381.0317
1362.5746
729.0518
899.5656
1386.4624
1107.6885
904.21533
604.8636
985.5106
1329.1177
305.95963
599.4807
464.7609
2290.2449
1059.5281
1638.317
654.25055
447.12726
1125.124
1156.4894
652.47174
1056.5477
1114.2135
415.2224
842.1864
581.9374
631.3439
321.82788
427.2086
781.7082
1434.6145
1102.9154
286.63425
607.9788
1260.2478
1177.7427
483.5915
391.88913
839.18176
580.5394
601.7632
1121.8604
1183.5535
159.60887
1201.6729
950.0404
1472.0554
1013.88007
789.6062
1531.3372
1245.6284
1333.7297
676.4255
837.265
761.69446
765.70966
1221.9998
1396.8953
1187.1456
1334.108
1111.426
1089.1157
526.1836
454.56656
1497.6792
387.82495
749.62256
656.63513
1209.809
202.04265
688.42426
1734.8086
1340.5062
1195.1456
341.93442
1219.7562
475.12988
383.3013
1237.8406
1772.9609
686.10333
991.8987
976.4503
2010.6855
1044.3231
1370.7509
656.97363
1302.3533
1436.2234
1231.2534
1251.3008
567.0414
1229.7471
1215.1562
1271.3918
1064.8682
1058.4124
1158.3434
856.68726
640.60486
448.84845
649.5392
825.4617
866.3356
1319.7051
670.5198
1153.7592
1010.86426
1123.2302
578.2612
705.28467
754.7022
511.31277
2304.676
542.20215
1661.4055
2288.9546
688.1598
661.29944
2163.5854
1014.2594
765.8999
1989.8193
483.7325
857.8702
1065.3523
860.5782
232.72282
492.9459
1150.7656
2442.0876
461.56503
508.95862
1438.2976
1542.8564
633.1864
339.9745
1430.3352
1284.0925
932.973
1140.2673
1247.6283
1447.1375
1151.5563
357.24255
1043.2307
1220.23
232.49542
358.61972
336.97162
1459.1459
495.20853
967.10645
999.9977
421.9522
1530.474
403.4368
707.0509
1010.10406
1211.3795
1285.5415
1208.2991
794.1319
474.32767
719.48755
1434.1772
539.1509
467.29996
489.0907
1203.5608
490.283
1257.74
802.4149
1072.8771
1227.303
510.67654
1500.0037
544.05035
316.7736
1247.1058
345.4581
1496.4082
797.7327
1456.583
361.6571
1058.7671
1211.1791
1019.6518
601.83606
1466.4797
1138.061
1459.3192
1350.8872
1280.0597
349.6306
2201.9138
475.08728
472.99173
1219.5492
833.0421
1119.2708
1682.1971
1067.7845
1402.5334
2138.371
1409.0935
609.5532
1378.9951
898.9601
458.82825
351.36572
837.23047
830.1373
1504.9497
1036.082
534.2013
859.54956
586.2397
1148.3693
1114.0696
1035.4766
501.77246
409.98953
1046.5059
794.8297
434.03693
1317.9966
731.7593
421.0302
1315.0712
959.6467
846.4684
440.79877
853.3458
640.17444
437.40976
815.63184
934.5939
751.70984
2379.9214
819.8886
977.59033
1327.5823
1082.636
536.7367
1158.5829
1099.368
1274.6268
893.13403
328.7087
327.97266
1594.3099
1375
1042.8057
935.16376
783.9939
1037.1631
1226.4193
1193.5708
1180.2546
1445.2212
514.15247
1194.9523
269.6341
828.8981
287.7826
471.60895
644.9855
1244.9631
1208.4537
1428.1895
1148.1766
1341.1013
386.84824
689.49347
864.88934
1164.8088
475.05826
998.5984
948.3074
481.5782
1253.1676
1249.074
2284.2798
498.8432
953.5771
372.51193
1291.2343
1200.0562
1167.8724
1519.7064
2259.52
1440.1732
404.58948
1415.661
522.4201
878.4005
469.86316
755.8925
1208.1726
770.9917
548.79626
890.27966
429.59534
1273.0308
2290.6357
857.66504
2277.3738
1349.5999
1375.7666
549.4581
1372.8003
566.7792
477.0121
1307.8959
793.8399
528.8739
281.75302
1235.8964
771.8489
615.5531
925.58594
255.8699
455.4013
1109.203
303.76718
829.49023
1056.2299
1472.4781
975.00793
724.148
320.17722
1342.9783
1936.342
578.8984
1057.0858
1430.1592
389.4762
845.1276
194.1012
307.0538
971.03406
864.5195
1808.8228
1821.5133
1331.7661
585.52527
329.19098
612.1963
866.30896
1054.2723
471.3248
387.4549
345.50812
1034.0239
541.90845
1166.8971
1444.3503
706.6208
661.25714
790.81006
1093.1393
403.93823
666.80396
948.2632
1506.7518
302.87814
1476.1166
1288.0697
1360.1826
530.1252
1258.207
1264.9526
1204.3411
92.56773
727.2216
462.64108
672.49634
543.8706
1065.365
1369.019
1537.1538
508.092
735.1038
835.4653
505.38156
2496.4033
562.40814
642.60925
627.68494
875.8827
400.2454
707.07056
700.20917
832.0637
559.6382
1048.0078
247.43712
821.17053
997.28827
480.8603
416.98825
1084.3977
708.1837
1145.3373
1551.2877
1798.8186
531.0327
552.1787
916.6466
719.687
864.6643
1182.7407
2095.6895
1791.9331
2396.6973
645.4354
907.657
1030.9949
900.8692
435.19666
963.80176
623.827
820.6781
585.5784
661.53143
307.0246
909.4202
520.5394
1274.7935
972.27527
1495.8517
297.7566
938.1272
696.33813
757.1807
1125.5012
1245.3346
1444.8368
1193.9885
1026.0662
1196.1626
1427.4408
1132.02
1186.7986
863.85834
1102.8064
1087.5911
790.66187
382.62137
1243.9236
735.35864
616.0386
1022.6358
1262.5237
348.02148
588.9845
1434.0131
446.08817
1486.9083
500.31335
1616.2964
958.3273
1303.7725
2215.333
513.38104
1601.7119
813.66705
1647.0969
2077.5593
1213.7661
938.72675
480.6845
472.57626
1259.6172
359.61182
2282.7183
482.58997
583.43463
833.90125
957.5394
611.002
529.5004
366.17084
1264.8544
1204.0479
383.09863
1587.5709
1320.5513
104.76591
597.2133
1012.26416
2464.8372
295.76923
821.9798
1478.925
541.40393
1225.737
1260.5099
2340.63
2294.987
1232.7837
665.5208
705.9894
1418.3003
563.87085
1167.7555
1066.0276
1303.5754
526.6518
1145.1196
1500.1187
948.0827
1149.0104
471.7596
402.60596
713.75385
1002.7663
250.73166
1486.4594
874.26514
733.12634
700.6027
1586.0011
701.6267
240.4801
676.65625
153.64732
462.13904
332.54138
1022.6026
997.3109
377.83237
715.0652
1016.8318
359.74387
1476.9729
557.574
883.17944
881.11896
691.9547
321.873
1193.5569
1070.4196
461.526
743.58136
693.25385
1122.7566
915.1397
1332.3469
811.0873
1189.6578
325.21857
970.99585
989.3224
213.75911
829.6338
608.53357
442.80792
1472.58
1428.4385
415.05255
1230.732
1283.6189
844.60455
953.9474
1064.1036
581.6065
556.92126
439.61456
1382.9679
761.9669
671.27155
637.7738
1521.6183
630.0225
521.9757
923.5995
986.5859
277.26135
1086.9954
1248.1719
1049.8015
1584.4803
1360.7312
1510.9905
316.316
1083.4199
381.83295
460.64697
1224.1514
1346.5858
671.4741
640.71783
486.95667
1756.261
948.35803
589.466
490.55353
937.59625
1384.9529
718.3905
1147.8618
406.1588
631.43335
401.07397
300.5318
729.61505
1436.8784
392.81354
388.69565
1237.1018
599.1866
425.26642
649.9131
676.0829
1024.9941
1076.676
1143.4048
2161.7556
419.8745
1589.801
945.78
472.23282
1214.2251
1193.7009
693.0847
353.1744
1215.1853
1161.5774
1107.1837
542.3175
466.65436
328.117
948.0053
448.42413
1216.473
473.28244
789.3958
767.22766
1616.4736
1069.0892
484.1192
1038.3181
1547.5121
1481.5796
1905.744
1582.9872
1194.6427
998.60724
159.75684
1431.2056
350.3008
1172.1848
1321.3528
645.0949
909.5641
725.1889
533.4779
1036.2327
2083.4463
387.68317
623.7366
1147.3175
1025.0951
1629.4409
1310.6757
747.0521
875.0955
269.4942
463.81644
1190.4666
860.88184
970.1478
1207.6621
1738.0017
1141.4246
318.91058
236.65787
1318.1898
848.8479
595.47986
1234.6362
300.78827
813.80725
1357.645
761.11304
376.2531
1348.823
451.21008
998.56726
1011.738
1301.5063
1086.2533
717.99756
896.9261
1639.363
1088.0378
897.8003
2365.9404
260.71085
579.6839
424.0056
692.3371
2213.235
1068.599
1287.8259
1303.4745
1573.9551
1863.5222
698.71405
1249.1849
1367.5895
882.05035
1128.0524
287.92056
217.92365
706.98267
1192.5659
2285.392
1068.6848
2258.502
700.12286
1101.108
1406.4204
1538.9681
513.3823
1133.1409
979.4618
998.7353
1168.1299
198.85419
342.94388
983.2244
867.6388
545.4788
677.103
1108.8855
1644.8333
1012.79156
654.3517
1165.2561
247.14282
1206.1342
722.0572
1447.3263
278.66452
1175.8529
506.65128
469.3032
512.9877
1240.7474
595.8986
1167.0978
1007.53815
1309.3901
1114.5975
1622.5308
794.497
560.30566
684.3251
1599.6838
787.1548
1087.5626
270.3901
134.94994
1152.5675
1113.1914
589.08105
604.04626
927.2661
1331.9314
260.7867
753.9739
608.77716
613.8713
954.38983
515.247
1018.09045
1685.355
1285.8804
421.68872
391.2689
627.1992
1272.4518
1297.2039
298.66394
1522.7051
1233.8064
1334.7568
1135.0793
1167.1608
1044.5493
330.78607
527.40674
492.97058
521.8123
1018.3277
1154.8055
602.33453
763.8
1172.684
771.66846
2398.411
548.91815
588.4159
539.542
1508.2095
1163.8201
843.5349
342.33185
1266.5372
730.99695
2077.0544
955.6309
482.32373
1197.5648
809.4675
580.58496
1513.8838
846.65857
717.7866
533.74896
1010.41486
1386.5581
1428.5413
857.4801
510.96762
654.6108
1064.8484
1013.90216
724.3294
389.76416
1996.3701
1017.81995
1194.6743
1093.3273
269.70386
989.266
405.16394
357.7657
1114.6517
556.7935
91.1194
673.77954
1487.9586
558.47015
434.25513
2411.8257
1091.6005
650.78796
1855.8789
587.44446
1091.543
1343.9683
1023.3871
248.3994
898.4735
864.87976
854.9409
1202.3334
579.3218
668.9374
1614.5299
1042.1155
908.99
1155.0115
1669.2261
2377.666
1379.2576
1245.5281
1210.1448
957.15393
887.423
1023.89374
536.1229
406.66937
898.9997
719.9414
211.20068
988.51715
1091.8047
510.21362
1209.0105
1195.5344
831.5835
687.4619
435.47147
802.98206
817.3712
1145.114
728.38293
1174.9165
942.6581
868.13574
1236.635
457.92725
1290.4778
1316.7361
420.18912
2250.7554
809.4916
715.7449
436.05548
1007.93335
777.38696
301.29987
542.9317
969.81805
1594.8353
1502.0833
973.23145
2137.4414
598.3941
552.5149
1419.413
2319.9773
369.6068
2058.6892
1916.8375
453.29724
390.26917
1573.058
656.6211
1398.6931
1058.9812
1529.6974
1407.217
1543.4138
1131.6257
974.676
918.7877
1472.593
499.82306
527.72876
547.4345
1349.6813
524.9557
926.32227
394.4001
722.3358
1013.4956
619.7439
243.91385
1272.6644
1074.5273
1050.6729
1531.3635
579.0644
1365.5474
495.94217
626.484
369.45932
684.7079
434.31842
864.0791
501.6551
843.27637
1085.4275
1358.9589
870.19885
2151.9185
1144.1504
1227.6003
1251.8127
427.23053
335.67822
489.93762
647.22705
623.5923
247.78459
1306.1221
1542.8923
631.85657
519.2802
1229.9026
1459.6274
1171.0629
551.9569
1042.7977
475.16315
1546.9521
1163.588
475.75897
227.84082
1222.5737
453.1167
1507.2795
1237.938
1424.9194
667.2347
255.79868
862.1017
1095.7843
1270.9045
847.5255
534.0027
636.40027
1205.117
944.354
1429.8569
1028.9307
425.2087
812.61237
655.30725
785.5811
1081.2981
741.57654
1103.0173
546.2317
507.0052
944.0564
615.53754
1316.2959
768.4773
1587.89
1390.039
739.43726
322.66565
1306.2003
423.39215
944.65533
437.75604
887.2519
244.55627
776.5701
539.7545
911.89734
696.82
1443.859
1588.5088
251.8605
1103.4829
1249.3344
953.6194
529.09894
1034.7904
1517.5293
615.95276
443.54425
1012.01276
2239.9597
1890.7393
620.0842
818.7401
650.68896
770.04706
1212.8708
602.6253
1137.2351
1836.2823
1142.7632
1417.9899
496.27423
537.0038
891.5601
775.1952
637.312
1357.718
376.9401
759.757
1492.7517
764.0022
428.85504
1480.4967
1488.4622
366.9777
1158.5513
847.9684
1225.7809
393.5954
1414.9847
591.60657
538.44714
1123.5775
998.69867
1008.27496
1299.3589
414.11566
587.4758
1386.8235
1022.3935
1252.1804
528.84644
430.36926
1436.031
1744.566
1748.6614
784.3189
124.9322
318.46613
918.34576
443.8228
385.5836
1050.6534
765.1751
482.7401
195.00343
741.08
590.9124
1291.0546
1098.3933
1211.5131
1265.3735
452.89166
1251.5181
975.8384
1173.8505
1129.6373
1130.3142
1288.4735
721.27045
604.4606
896.67017
319.69592
2010.8364
248.00034
1009.9822
1192.7671
1226.7124
1136.4343
1257.8048
1001.92896
962.0264
1328.6555
1096.3903
1077.4292
606.47217
494.52142
1279.5286
525.89056
1168.2296
1102.0657
1019.0676
542.4393
399.53833
387.73254
1018.3495
643.921
1277.174
1232.3843
1879.6544
1020.81476
813.3479
641.40393
580.27185
551.0411
1086.5302
1147.1956
914.6987
1839.0396
911.54
1716.7847
2337.1143
536.5023
417.2248
860.84186
646.6574
682.93555
1043.1394
1466.7957
1287.9199
600.4324
860.44446
693.46765
590.5329
1445.0336
1570.1073
1076.9808
1225.1736
642.87006
582.77356
340.47766
1329.3354
