1289.9304
1023.86865
902.8804
1193.9486
593.46466
1288.4547
1129.3
238.0588
1233.3865
723.54846
461.60303
882.44794
366.9651
1379.1859
1268.3425
993.1211
1348.8372
1187.2793
1528.0509
373.45343
2253.3633
1165.2476
368.7386
819.015
536.0237
423.80814
1437.4537
1325.7025
862.21423
1158.4602
543.8364
463.38214
400.65918
458.67456
1379.2024
329.0597
1063.6477
582.44165
2113.3691
506.892
788.12256
1513.5288
599.5928
384.53772
331.19232
449.84634
1177.6555
729.052
561.8026
276.9264
660.00464
1464.7493
941.04675
1319.6516
930.0316
798.4587
674.6828
1183.8274
485.83725
658.3651
1242.6628
339.1092
302.9488
1137.9333
1486.7036
1145.8245
399.7293
1073.2549
608.81604
1276.9954
1162.9763
770.6487
1177.1555
1227.6697
915.4916
898.31396
771.4631
1095.578
489.50742
1317.1804
822.1481
1331.6846
222.98544
1159.6232
757.4017
1045.6923
879.91394
1115.7349
1009.9673
1117.7592
1354.352
844.33887
1239.3499
2418.363
694.8251
1321.3928
609.96436
1165.664
658.2893
701.14
1449.7914
1103.2205
1206.725
386.2765
1045.9132
1354.7627
835.0343
740.42395
2261.1514
2382.8738
1429.401
498.90918
796.19104
280.37247
554.69666
400.85583
2306.4712
1089.6035
1344.3972
673.0129
363.28256
751.03925
1204.6477
1364.0625
1337.2662
1049.9875
391.45596
554.7988
2308.9375
856.5779
667.34216
469.5688
1025.6066
2061.7021
1227.1483
191.15442
1150.9106
614.8661
858.8347
1015.9731
1328.9012
1389.5933
479.70697
758.70703
816.9888
514.0676
838.8146
1118.892
363.8317
1285.9635
2331.9995
920.8108
985.2246
410.24402
742.96436
1089.6735
1179.0072
1420.5847
903.09485
305.96326
1082.539
1356.8184
786.16345
1079.0706
1103.9604
847.4249
2390.5928
1479.2277
850.1097
727.57336
855.8871
367.52063
569.0918
554.0602
486.99918
1547.5322
1202.0754
507.23395
1205.5402
807.1299
1497.9595
577.461
2551.8337
405.51556
2311.6113
1952.324
1519.4785
2358.0334
410.60248
1392.1907
853.49426
574.8129
1381.0364
1052.1345
215.16508
357.26373
873.2717
357.39163
701.4011
1525.7175
1015.6705
1161.715
1196.9926
596.5077
302.76477
780.1891
627.0949
502.82556
388.3091
1073.6635
899.6844
559.9265
422.814
2246.641
1434.7273
797.6599
410.91614
645.9884
1071.1572
691.9763
2191.9153
607.9988
2227.8206
246.52563
1306.1808
1254.3097
2209.2275
1428.3448
525.1774
422.03027
1088.5112
210.41336
572.6929
1186.3076
1184.2874
1101.4191
768.88916
1099.3759
2364.8467
943.89935
1119.509
195.03119
2550.2485
1123.8623
932.6008
700.9078
1360.2078
1084.5508
920.72577
1280.506
1407.9937
822.20044
755.2079
551.7444
1205.8232
1034.1531
1455.9868
1502.2744
1381.3491
1062.832
1406.008
1437.5343
681.9076
409.6145
936.4403
1017.6195
1340.8396
1019.2693
837.3456
847.59875
1101.7322
1615.2596
645.7665
1128.0159
543.4492
1330.5984
544.75867
1292.0801
1127.814
1625.7216
421.1552
1133.6794
1240.3274
502.90567
515.50366
1129.4587
526.40356
234.90009
812.2124
1155.7866
1753.1714
1372.9065
1012.10864
1125.1957
362.61533
1198.6045
1275.167
2262.7876
685.44495
255.51775
1023.52563
1367.8643
268.5446
443.94806
1071.2572
1406.2388
760.84625
424.6969
347.5766
1359.0779
1595.3126
674.0929
559.25415
2456.3032
981.3965
966.3369
1163.9027
858.5928
341.1086
347.68652
838.3452
1140.3647
976.5177
935.4606
341.1936
2437.941
598.58765
380.84235
1323.2357
906.0028
318.35736
1084.1184
1521.7004
430.20575
1176.7603
1085.4138
1603.4541
961.126
968.16516
926.2322
430.4036
1163.1173
1001.6239
355.42346
1111.8701
1327.1438
318.0612
609.7345
666.7229
911.21436
497.79834
599.76855
509.5108
619.2804
145.69003
397.06372
309.26437
745.9403
744.02216
615.807
696.81885
373.85797
1401.4858
815.16064
266.2267
733.2935
1581.9379
1110.6616
1386.4098
475.6873
304.6589
1063.5693
938.5121
987.5747
1276.3828
1121.926
507.11597
1337.3994
154.38503
388.87418
1732.6974
776.94135
495.1317
210.57323
1431.7117
491.18475
854.8318
1220.4591
857.7372
1076.2319
571.30145
524.515
1000.6216
1099.8544
724.05634
1031.2075
1634.9819
1072.3528
871.03894
1001.0065
625.57434
1505.2605
908.8474
1493.5416
738.5315
424.17184
1320.4834
672.25574
954.709
493.70496
336.27002
989.4489
808.4601
591.5631
1582.9423
387.5927
991.33453
936.6865
451.71942
751.4785
781.1737
467.69238
389.4346
811.30273
1470.9614
222.65335
1016.4033
467.13052
1047.2922
907.1818
819.6644
1061.704
956.9865
1147.4678
1093.2977
859.32355
553.9437
717.7833
1521.019
1768.6421
880.3257
1327.0769
1068.2971
619.5996
539.9444
1372.2402
1392.6438
842.2214
1373.4786
1314.2378
464.5608
749.342
1388.9298
531.27655
928.573
1232.677
1220.5774
632.4033
1227.8756
489.93674
563.6398
1145.8596
625.3735
1204.6396
779.7307
1192.2765
391.11813
980.65924
1138.3906
1183.3201
688.6434
1331.2642
1079.5789
1418.4922
1023.12396
1207.7771
427.0651
675.3281
471.88773
697.7759
448.5526
1276.9667
899.11774
1636.7881
594.8201
575.2007
719.0033
1250.2913
1243.8917
833.344
2144.0361
588.6077
392.8728
758.395
1150.1906
1163.62
814.4928
437.08142
1203.4783
652.34424
602.28265
1266.4387
1288.9036
987.3201
1437.7422
1130.8152
457.6865
458.2141
748.183
958.7285
1271.0508
1318.5211
493.4668
177.91641
453.15747
352.25934
1002.3446
1479.4004
338.77554
717.8971
821.12103
472.00653
1598.598
856.89
760.9232
1127.6082
1561.0614
418.15643
1146.8922
1115.2393
1266.2805
620.6141
786.52466
415.6163
325.6003
382.83115
741.23315
1397.7333
564.67236
750.3415
734.33093
645.5779
1039.4474
2182.354
693.4555
1097.2681
941.0449
2383.353
498.017
1465.6299
1447.855
756.21106
1123.9838
974.5028
973.2106
1289.3262
1059.3774
719.5946
2214.2036
569.3794
380.76404
1083.0662
569.40985
658.5216
1746.7698
1550.7445
1317.4487
305.31082
1101.4011
253.09483
766.5974
1029.655
1209.0172
664.6877
758.1763
887.0025
384.8179
327.511
1192.5005
730.8376
431.30496
1458.3936
1072.9615
1427.624
891.0209
677.10876
157.42953
634.22595
1508.06
322.65576
368.85535
496.1044
573.987
977.5944
1055.0479
685.1472
1296.0852
1165.106
155.56763
1001.8843
554.8639
1137.1573
635.89136
1242.8702
1090.2847
1343.6537
1142.0006
454.40756
796.404
712.6024
1300.5944
1333.7762
380.29123
1729.8276
349.15826
573.18207
1190.033
903.11975
208.6778
810.4199
668.8637
1300.853
535.3832
689.4989
1539.204
1210.171
203.69093
1211.1505
829.0702
1276.9629
519.4276
1045.6497
1284.3866
1276.5277
343.26044
1116.0516
1658.1991
566.5326
1192.6453
668.2179
734.38904
766.7228
687.52216
1377.4066
1151.2036
2391.8677
925.59436
1971.5226
1220.2845
730.6564
1592.8611
1110.5856
2101.7322
596.55334
1131.8132
1187.1146
759.5185
608.1476
649.0608
1489.1023
803.34607
1120.9778
465.02783
510.02716
1556.7477
495.8072
275.60767
893.60864
393.79034
1172.2115
186.25755
984.49005
867.6947
696.4164
665.1166
263.43512
561.51733
278.71295
1025.5306
665.3547
1029.7229
457.21014
638.2806
1654.5435
1185.6589
1201.2761
578.4911
1101.9872
1230.9973
1041.3793
330.99478
1108.6862
330.32495
380.76984
1044.8628
1432.8611
2266.1692
1492.1359
477.69403
309.34335
915.9708
738.2073
928.1411
435.55698
304.63684
771.05865
331.01788
1104.8235
1232.4314
1164.2605
1147.2748
466.65955
832.47485
1288.3052
1587.6393
2152.0845
797.80835
608.1069
1034.2759
703.5703
781.3685
449.2196
786.00684
1004.4857
790.6304
1046.0243
1550.1072
658.0564
576.24207
410.7386
1310.8757
540.1772
504.2769
1008.1703
948.1373
887.5145
1264.5562
1101.863
1466.8164
1003.416
980.8042
619.43494
576.4664
598.7334
1613.739
633.8026
1527.3218
1223.5359
1852.27
442.61932
535.06213
937.95087
438.26215
1654.0459
569.02026
612.9669
1016.06134
1213.7518
637.4455
968.1698
1490.4242
721.42065
952.3289
1834.1936
694.4479
1182.855
226.86633
1120.512
472.12555
1458.6941
549.3798
675.6239
1394.5914
890.3598
1479.276
1100.5865
1101.8677
956.7595
657.1616
1192.0679
465.02936
1468.5618
1046.9725
934.06024
341.44153
1008.5876
544.8784
465.84433
853.7977
843.4785
265.52173
1251.7358
1054.644
1102.6035
401.5785
602.5673
592.40466
485.81934
968.1324
745.4588
1225.0624
392.19775
1547.2031
241.39554
792.5762
745.6623
612.44543
180.93098
756.0626
710.5167
685.5767
277.95886
644.3466
786.84393
435.45517
277.8751
350.45587
742.6306
1058.1248
839.6691
986.7562
1384.055
1364.0222
732.96594
900.3196
1387.1866
1113.1426
908.5218
607.65216
986.97534
1330.201
308.1026
605.0476
468.6394
2291.0906
1060.2498
1639.7556
659.78986
450.9865
1127.2134
1157.5358
655.9901
1057.4949
1119.7319
419.78442
844.0122
585.78467
635.3231
325.65717
431.7907
785.20087
1435.3535
1108.8755
291.60425
608.4794
1266.1365
1179.2517
489.62427
396.1275
840.1214
583.619
605.695
1122.197
1183.9526
164.36482
1203.6646
955.79236
1472.2919
1017.9336
793.6266
1533.3467
1245.3909
1336.5652
679.50354
840.1821
766.78894
770.20557
1221.2461
1402.273
1188.1372
1336.5068
1115.3783
1088.8993
530.7245
458.19513
1500.8721
391.62137
750.70654
658.66656
1210.0458
206.9287
693.5028
1740.594
1340.7109
1197.0072
346.95966
1219.581
475.71338
387.134
1243.4655
1775.2505
685.5029
995.84955
978.081
2011.69
1047.436
1371.1185
661.2757
1306.8787
1430.001
1231.416
1251.6201
571.37354
1230.5403
1221.1945
1272.3723
1066.9113
1060.441
1157.4873
858.81146
642.21936
452.8189
650.3312
827.71497
870.18365
1322.9196
674.6831
1154.2067
1016.39355
1127.3513
582.27997
706.0256
759.0134
516.46436
2305.2144
548.0197
1662.0508
2291.5298
689.39014
666.6632
2164.8762
1017.5221
766.2726
1988.038
485.64508
861.07245
1067.8419
865.06506
235.61896
495.0767
1152.7085
2442.4324
463.13602
513.5607
1437.7002
1543.8679
635.64813
341.81067
1430.7632
1283.6049
935.1214
1143.6605
1249.4194
1447.627
1151.9897
357.8175
1045.9879
1222.3477
237.02365
360.83047
338.18906
1459.6621
500.3753
970.9528
1000.6556
428.63504
1532.6481
407.8645
712.17163
1015.8234
1211.1158
1289.2324
1213.7866
796.8348
477.99805
724.23224
1433.7787
539.5448
468.63785
493.62796
1209.5305
493.7732
1260.1439
806.5045
1072.5316
1227.879
515.2799
1502.8911
545.71985
322.77203
1248.6802
347.97626
1496.7966
803.20825
1459.6646
364.88492
1059.1119
1211.1832
1021.64777
603.1095
1471.7471
1138.3767
1461.3596
1354.3953
1282.0624
352.35928
2201.4854
475.40298
475.39355
1223.4305
838.03955
1122.0061
1682.7574
1068.5276
1403.6278
2139.3933
1410.0648
612.62494
1379.0951
904.7923
464.20227
354.58026
841.7112
836.11273
1506.7922
1039.4766
534.9774
864.9033
588.07196
1149.7924
1114.1785
1035.8513
505.2098
412.56772
1049.4879
799.1951
437.21313
1318.3837
738.07635
422.8247
1316.7423
962.9553
849.8956
446.031
856.4359
644.2235
443.28378
818.81976
935.41583
755.10864
2377.936
821.1677
981.87366
1331.6053
1082.3406
539.3387
1161.8151
1099.7609
1273.3635
896.8674
331.45026
332.94006
1593.2634
1380.5691
1043.9099
940.1544
789.12866
1042.4784
1226.3435
1197.781
1181.1669
1449.4348
516.0475
1197.2883
273.34622
832.90515
291.56757
474.17468
650.41766
1245.9429
1208.2839
1429.5043
1148.0718
1343.6909
391.4037
693.1323
864.84454
1164.6917
480.13138
1004.0918
949.46826
486.3807
1255.5364
1252.2137
2290.0212
501.15613
957.8529
373.30408
1291.6785
1203.118
1169.4731
1519.4017
2260.4834
1443.239
406.74902
1415.1256
524.24866
880.34625
472.00998
762.5009
1208.7777
776.0156
551.7206
895.7282
430.85733
1273.0248
2295.6758
859.9522
2278.3696
1350.2074
1376.2703
556.16895
1377.5864
567.7698
480.82733
1308.705
794.0917
529.7766
283.83838
1240.5118
775.126
621.5154
926.9851
259.8828
459.11133
1108.1838
308.32816
834.79095
1057.2126
1476.8936
980.0603
725.4482
325.6383
1342.7297
1935.0482
582.07935
1060.918
1431.6267
395.68054
847.6181
197.39175
312.0114
970.8705
869.03424
1810.9457
1821.967
1331.5654
589.6662
333.20746
614.1576
870.7201
1057.0289
474.45212
389.8014
348.64288
1036.6403
544.9364
1167.1848
1444.015
710.32825
664.35376
792.1141
1093.8842
405.94888
670.5746
950.0581
1510.438
305.2793
1475.4695
1291.8713
1363.3547
532.9603
1259.121
1265.0867
1209.078
95.94232
731.30615
467.8015
678.43054
545.21265
1066.1647
1372.048
1540.7925
511.58286
737.3506
836.621
508.60562
2499.877
563.65094
646.3518
631.41516
877.1312
404.59866
710.4704
702.8446
835.3506
565.3865
1050.2446
252.16273
825.6172
999.25745
485.02448
422.56134
1088.051
712.3102
1145.7173
1555.8468
1806.5059
534.4596
557.3605
917.4653
721.6587
869.86005
1184.8665
2093.2966
1796.3005
2400.572
645.98773
910.7612
1033.1667
905.1652
440.32922
967.3044
624.93933
825.04675
588.1792
664.14624
312.79553
913.94904
527.39594
1275.3672
973.0867
1495.819
301.58218
939.9701
696.6393
758.13135
1128.6467
1246.829
1444.5309
1196.1184
1029.9124
1200.1116
1429.0481
1136.939
1186.9214
864.37604
1103.7454
1089.5457
791.0759
386.11993
1245.5487
738.37634
620.2243
1024.1726
1262.6757
352.38196
593.70624
1433.5768
452.0279
1487.5842
505.049
1617.0619
962.7265
1304.5056
2216.0398
517.4537
1604.2561
817.33923
1652.8159
2078.5564
1215.7935
943.04834
484.0431
472.82544
1260.9874
360.4032
2283.6992
485.01804
589.5165
834.65155
960.0171
614.2584
530.00836
369.54523
1266.0697
1205.8947
384.46875
1588.8834
1324.9465
108.871796
600.2694
1013.36975
2467.946
301.10297
826.6719
1482.7551
543.62427
1227.2161
1264.576
2344.8066
2297.6406
1233.3975
669.43787
708.77075
1414.5591
567.432
1168.5919
1066.76
1303.7347
528.25476
1144.8896
1502.3945
949.14825
1151.0415
476.99036
408.32013
718.7278
1005.603
253.77025
1487.2775
879.80206
737.30817
702.1603
1591.2701
702.33813
244.59375
681.13965
157.207
465.4021
337.7041
1025.3422
997.66455
381.11295
716.77496
1018.1511
363.83984
1477.906
560.0625
885.22864
884.8931
695.4098
327.8171
1197.602
1070.2026
464.9364
747.51746
696.7484
1125.2401
920.2822
1334.1293
814.02155
1190.3398
327.68997
973.17865
993.4413
218.36432
830.8041
610.52014
446.3907
1472.7896
1431.5216
420.2433
1231.0465
1286.9712
845.7457
959.5817
1062.5652
586.0823
558.2777
444.392
1381.992
764.9418
671.63605
640.9614
1521.7566
630.6299
523.1384
927.94946
985.31116
282.66135
1090.6853
1250.5481
1049.8859
1587.9167
1364.2576
1512.0251
319.41302
1088.8738
385.7711
465.2438
1222.772
1350.2278
678.08777
644.75244
490.698
1757.0707
951.90155
593.34155
491.5886
942.24817
1386.1692
719.034
1147.5565
408.8412
638.3135
403.05502
303.33386
732.6876
1438.9253
397.31497
395.41843
1238.9025
600.213
429.51773
652.3434
678.52515
1027.8048
1075.1538
1143.2466
2152.924
423.39105
1589.9102
948.55505
473.40143
1214.6442
1194.7539
700.0941
357.3781
1221.1681
1163.2288
1109.0974
546.9705
470.18454
329.3495
949.60626
453.91962
1217.0668
477.33075
793.4049
771.9777
1617.8148
1069.9696
488.5847
1038.7311
1553.5339
1481.7161
1909.9274
1587.0413
1199.4442
998.97394
163.77438
1434.4786
353.27707
1175.7303
1321.2245
648.2742
910.5555
726.49976
536.23413
1036.8295
2082.4756
390.38458
629.9425
1153.8674
1029.0127
1634.3219
1310.8877
751.6791
879.6657
273.38275
469.73358
1191.0355
864.9652
971.2379
1212.0365
1738.7632
1142.9016
322.1423
240.80865
1321.2036
853.3153
600.6585
1235.323
303.29724
818.03217
1362.2356
765.57074
378.74936
1349.3618
454.78027
1003.93085
1016.59296
1304.9133
1090.1865
720.0736
899.26337
1645.0072
1090.2056
903.0845
2366.0142
263.50372
583.2719
425.91464
695.4195
2212.3103
1074.2316
1289.7876
1303.5665
1577.2693
1868.0964
703.0451
1251.7834
1367.5645
886.80005
1127.0475
295.96457
221.96985
710.6266
1196.7395
2288.6816
1069.2919
2257.748
705.6196
1102.3318
1406.867
1543.3987
517.6475
1132.5774
980.662
1003.7894
1171.0309
204.52975
344.60214
989.2411
868.62634
547.75653
679.77576
1108.6487
1645.4493
1016.5537
659.49023
1168.4053
252.57652
1208.5269
727.9321
1447.6384
279.31964
1179.1265
509.29578
470.08923
516.3843
1246.6984
598.2355
1167.2422
1010.0595
1313.6433
1115.3723
1626.7172
799.11194
561.40564
688.63605
1600.1361
790.68054
1088.1134
270.6432
139.36089
1154.1973
1119.3738
591.1023
609.09186
930.1853
1331.8152
262.74896
758.5206
611.06494
618.462
958.5006
519.525
1020.6497
1686.5398
1286.6678
424.95395
394.67487
628.2527
1275.6304
1301.0602
302.98813
1526.5907
1237.976
1334.7141
1140.2219
1169.98
1044.2261
333.47064
528.1719
498.3428
526.7091
1019.2089
1159.9424
607.01263
767.4728
1174.9575
775.99347
2402.9297
552.62714
593.1803
544.18805
1504.081
1164.1858
845.7798
345.49994
1267.7677
734.04297
2080.51
957.42395
485.10925
1197.6947
811.01373
583.54236
1520.503
848.0257
718.51514
538.4845
1011.0336
1389.8372
1432.2562
861.8954
513.33386
657.9999
1065.7042
1017.8577
729.72327
393.8985
1994.2656
1023.6253
1194.7402
1097.8289
273.39166
988.8413
411.29492
360.1046
1116.7664
557.4777
95.59872
674.37
1489.1366
559.5293
438.6664
2416.4546
1093.7533
653.6404
1857.9523
590.7317
1091.8999
1348.2911
1025.7971
249.93289
901.8933
866.1497
858.0394
1202.7335
580.7573
671.5255
1620.472
1048.8186
912.41315
1159.9214
1674.4545
2377.81
1382.5771
1245.8665
1210.7554
962.39545
892.7062
1024.5768
539.3032
409.44873
903.0617
723.4797
214.78923
988.9535
1093.7931
513.41187
1211.6875
1197.4348
836.75037
692.52014
438.99677
803.46545
822.5876
1144.936
732.1056
1180.3241
946.10864
868.766
1237.0771
462.33728
1291.5597
1320.2467
424.24304
2246.0232
812.05005
720.03125
439.85156
1008.9107
778.0912
302.27884
546.1111
970.7488
1599.48
1506.2104
978.26855
2141.264
601.9148
555.62537
1420.0896
2321.4485
372.12317
2058.6768
1920.3588
456.2923
393.585
1574.0833
657.2678
1402.7354
1062.414
1529.8904
1408.4187
1550.3507
1132.9186
977.30194
919.9757
1473.555
500.37543
529.6968
551.6802
1351.5028
527.8307
931.48694
399.13116
726.21155
1016.9585
621.17755
247.57541
1277.2065
1073.6604
1052.4235
1532.1923
583.4779
1365.0654
499.4842
633.0969
376.16675
691.74304
436.98203
868.93335
504.93405
844.1508
1084.7981
1361.9866
873.69714
2152.6672
1145.5425
1228.4655
1252.8442
429.84113
339.17865
493.00385
648.1067
627.56604
252.17291
1306.1259
1546.9336
634.11804
522.738
1230.0255
1462.2471
1171.7415
557.52545
1042.9417
477.99216
1548.4418
1163.1332
478.27423
232.25748
1222.813
453.17706
1504.3259
1239.1644
1425.1632
673.1579
256.9347
864.1444
1096.0378
1276.2389
851.25696
538.6559
642.4314
1204.4087
944.781
1434.2017
1030.8938
428.23294
814.2733
656.1922
786.74194
1085.6367
745.7807
1104.2606
546.5162
509.25052
949.3202
617.7265
1319.8474
772.9303
1590.3862
1393.8333
742.09186
327.7784
1307.3694
425.0594
948.36066
439.09985
891.7587
247.26755
781.47565
546.16113
916.03613
698.7523
1446.1016
1594.093
253.4296
1104.9346
1249.468
958.46967
532.27344
1034.9509
1519.1337
618.0281
444.06198
1015.2693
2239.2183
1890.1646
623.9354
824.11084
654.2497
776.1321
1217.5459
603.5945
1137.5626
1840.7645
1145.1631
1417.845
502.1971
539.42584
894.9761
779.45264
639.7742
1358.941
380.20947
762.84045
1493.2335
769.42114
432.02493
1480.6172
1492.2008
371.3891
1157.7285
851.21606
1229.7253
395.8228
1417.331
593.1526
543.7063
1125.9719
998.63196
1009.9252
1303.6255
418.96368
591.9398
1389.393
1027.4971
1257.6985
531.73096
434.80853
1436.9321
1745.7445
1749.5701
789.04407
130.4031
321.6028
919.19275
446.28455
389.58963
1055.5195
769.94073
488.00098
197.97354
743.8142
593.45184
1291.0164
1103.0283
1213.7941
1267.5219
455.19803
1251.921
980.5211
1174.3384
1132.5996
1130.1699
1290.792
722.71643
607.2509
897.7648
324.4373
2011.387
249.8962
1012.52954
1192.9473
1225.8066
1135.9521
1258.5536
1006.516
965.7083
1328.3221
1101.9912
1080.8042
608.54517
496.13187
1285.6626
529.56976
1172.5422
1107.0543
1023.9064
545.0925
401.7201
392.0653
1019.2886
648.0435
1276.362
1233.8188
1881.2981
1025.0774
818.0123
643.3529
580.4857
552.9747
1087.4858
1148.2872
915.858
1840.681
913.7448
1722.708
2337.7188
538.926
423.80634
862.4603
650.2438
685.0978
1045.8344
1471.9563
1288.8114
601.83276
860.99164
695.0127
595.75085
1445.6953
1574.4564
1080.5215
1226.5679
647.97107
588.32587
345.10077
1330.4768
