1289.3672
1023.5017
902.84686
1193.6963
593.4231
1287.8375
1129.2253
237.61226
1232.948
722.50555
460.70496
881.69525
366.46378
1379.2
1267.9209
993.10297
1348.8169
1186.5996
1527.5073
372.9798
2253.435
1164.4458
367.9176
818.5923
535.6652
423.674
1437.3851
1325.4752
861.51605
1157.8062
543.29456
463.2705
400.20563
458.3939
1378.5342
328.26
1063.0111
582.3855
2113.4788
506.15356
787.4569
1513.4924
598.8738
383.9091
330.63666
449.04883
1177.0498
729.0146
561.819
276.24295
659.1559
1464.4368
940.26245
1318.9124
929.5139
797.7964
674.0565
1183.7839
485.33124
657.44727
1241.9305
338.6671
302.89026
1137.3383
1486.9178
1145.5724
399.0941
1072.6062
608.0337
1276.7318
1163.0317
769.8397
1176.6438
1226.9987
914.9239
898.2849
770.92944
1095.2443
489.55658
1316.7214
821.22205
1330.8757
222.22008
1159.5425
756.65344
1045.052
879.2074
1115.4799
1009.4283
1117.2117
1354.2367
844.3422
1239.0626
2418.6467
694.04144
1320.7439
609.4354
1165.1714
657.9828
700.59326
1449.7334
1102.8179
1206.3948
385.46436
1045.8213
1354.2395
834.2131
739.72107
2260.5645
2382.4077
1429.2756
498.96515
796.0001
279.93762
554.6597
400.09277
2306.1316
1088.976
1343.8582
672.8197
362.6908
750.8508
1204.7509
1364.0769
1337.2737
1049.5396
390.82343
554.32556
2309.1206
856.32336
666.4793
468.9294
1024.7981
2061.733
1226.7361
190.46526
1150.1471
614.9405
858.9608
1015.1266
1328.9266
1389.3829
479.32474
758.07715
816.19116
513.301
837.97687
1118.4028
363.8255
1285.9125
2332.1526
920.11816
984.7175
409.5408
742.9288
1089.2953
1178.6182
1420.6475
902.4175
305.84186
1082.0701
1356.3013
785.598
1078.9028
1103.0591
846.64935
2390.1162
1478.7383
849.2707
726.95825
855.3293
366.7566
568.511
553.31226
486.6908
1547.2086
1202.1943
506.6996
1204.6278
806.5259
1497.5339
577.46545
2551.9102
404.734
2312.6616
1952.2406
1519.1185
2357.8267
410.06818
1391.6066
853.1315
574.0991
1381.0076
1051.5178
214.65857
356.52933
872.58936
356.60907
700.5958
1524.9523
1015.5056
1161.7611
1196.4269
596.0398
302.28552
779.65564
626.87177
502.13535
387.56387
1073.838
899.6794
559.2842
422.77502
2246.548
1434.6559
797.1053
410.35605
645.6853
1070.44
691.7231
2191.1462
607.29517
2227.4622
245.98041
1305.4944
1254.3063
2208.5151
1427.6703
524.24304
421.51245
1087.7765
209.88858
572.547
1185.4231
1183.9669
1101.4419
768.1178
1098.7892
2364.4
943.2352
1118.7119
194.36098
2550.14
1123.795
931.99805
700.82117
1360.1804
1084.2593
920.87036
1280.353
1407.9272
821.69476
754.17804
551.669
1205.4642
1033.2263
1455.9111
1502.3445
1381.1487
1062.3608
1405.8185
1437.5123
680.92487
409.37866
935.9065
1017.4342
1340.7628
1019.07697
836.91986
846.9226
1100.7047
1614.3778
645.50037
1127.3809
542.8745
1330.4424
544.08655
1291.9324
1127.636
1625.6631
420.64066
1133.3021
1240.3342
502.33643
514.97656
1129.1652
525.2522
234.41309
812.2099
1155.6923
1752.3978
1372.7842
1011.53107
1125.1694
361.97583
1198.2006
1275.0476
2262.7617
684.7791
254.4904
1023.116
1367.7571
267.70132
443.33377
1071.1821
1405.5461
760.02454
424.63843
346.8183
1358.558
1595.3752
673.26697
559.0915
2456.1826
980.51245
966.4824
1163.4996
858.3552
340.05453
346.55075
837.90106
1139.4666
976.0041
935.0309
340.69806
2437.9211
597.989
379.80084
1322.4437
905.7737
317.73447
1083.5583
1521.774
430.20404
1176.3478
1085.0049
1602.5795
960.428
968.31964
925.6641
430.28748
1163.0952
1001.65735
354.77188
1111.8452
1327.0498
317.44077
609.3069
666.15063
910.6233
497.0855
599.35535
508.7692
618.76917
144.90158
396.62244
308.36307
745.8995
743.3869
615.2163
696.1099
373.45303
1401.2495
814.7646
265.52127
732.5104
1581.326
1110.6056
1386.3357
475.19537
303.68707
1063.5964
937.67456
987.40625
1276.5891
1121.4717
507.0666
1336.5503
153.44612
387.99713
1732.7662
776.33813
494.5018
209.5805
1431.4062
490.3638
854.03296
1220.392
857.7819
1075.7299
570.7035
524.1834
1000.23755
1099.8445
723.4487
1030.6409
1634.133
1072.2471
870.40125
1000.5351
624.77954
1505.0712
908.7495
1493.5256
738.0388
423.60593
1319.6658
672.07117
953.8806
492.80267
335.62125
989.2833
808.25635
591.40765
1583.8062
386.99933
991.105
936.56445
451.12662
750.7706
780.60895
466.89816
388.5473
810.4781
1470.3899
221.83386
1016.2509
466.3333
1046.4442
906.67285
819.49304
1061.1686
956.4581
1146.9432
1093.1348
859.2783
553.4236
717.29224
1520.9355
1768.4946
879.87085
1326.845
1067.6418
618.8334
539.5605
1371.535
1392.2777
841.7548
1373.4886
1313.9877
463.9076
748.3205
1388.2031
530.6025
927.9295
1232.002
1220.5327
631.6797
1227.2518
489.5499
562.42944
1145.971
624.32214
1204.5914
779.34235
1192.2498
390.6147
980.10736
1138.2366
1183.4165
688.45166
1331.1454
1079.2263
1417.6488
1022.7895
1207.2539
426.58896
675.1007
471.21707
697.2052
448.43597
1276.1145
898.3871
1636.5194
593.7833
574.7007
718.9315
1249.9901
1243.8788
832.60785
2143.9705
588.5343
392.02423
758.29816
1150.1348
1162.5873
814.2052
436.611
1202.9172
651.21875
601.9722
1265.5271
1288.7192
986.9986
1437.6267
1130.2411
457.3011
457.50415
747.7506
958.5721
1270.7146
1318.1602
493.3533
177.4438
452.3849
352.2325
1002.4563
1479.1191
337.77243
717.8572
820.35583
471.65936
1598.4073
856.2809
760.3229
1126.9402
1560.6438
417.49097
1146.8175
1114.5718
1266.2515
620.4016
785.6067
415.00967
324.82333
382.48254
740.4405
1397.0157
563.9028
749.9242
733.95233
644.946
1039.4955
2182.365
692.5349
1097.0864
940.5156
2384.5405
497.28894
1465.0239
1447.6459
756.1367
1124.0796
974.5232
972.7335
1288.6333
1059.0925
719.0569
2214.1064
569.291
380.27124
1082.6356
568.73663
658.3922
1745.8099
1550.0717
1316.584
304.568
1100.7859
252.46695
766.0648
1029.6428
1208.3906
664.1072
757.64996
886.15405
384.3056
326.79373
1192.4058
730.49243
430.5141
1458.0911
1072.6077
1427.5613
890.3618
677.0014
156.64395
633.5033
1508.1783
322.56866
367.8512
495.61786
573.58374
977.5923
1055.1102
684.5919
1295.2714
1164.9808
154.78876
1001.33215
554.1456
1136.0999
635.31006
1242.6135
1090.0398
1343.7798
1141.8696
453.7213
795.838
711.8443
1300.5981
1333.7256
379.83057
1728.992
348.2627
572.64124
1190.054
902.522
207.9921
809.77277
668.41095
1300.8622
534.71594
689.0074
1538.958
1210.1614
202.87115
1211.054
828.6241
1277.0989
519.05316
1045.0175
1283.9071
1276.729
342.50443
1115.4568
1658.281
565.94165
1192.1421
667.7572
733.7106
766.2103
687.17975
1377.2617
1150.4834
2391.3867
925.24304
1971.4568
1219.8691
730.2588
1592.0612
1110.5635
2100.9514
596.07654
1131.8309
1187.0383
759.4732
607.7767
648.4603
1488.4695
803.15906
1120.731
464.56137
509.7397
1556.8171
495.47565
275.2073
893.35065
393.41403
1171.4459
185.3999
983.86584
867.0031
695.6238
664.58264
262.66736
560.76526
278.12344
1025.3417
664.96686
1029.1864
456.38873
637.59503
1653.8136
1184.8562
1200.8862
577.46594
1101.6759
1230.9225
1040.9761
330.31546
1107.8175
329.49268
380.313
1044.342
1432.8304
2265.9253
1491.2842
477.38843
308.9037
915.93445
737.56104
927.427
435.48474
303.88525
770.2401
330.5353
1104.6333
1232.2943
1163.9946
1147.22
466.09998
832.0092
1287.9791
1587.4434
2152.0127
797.90564
607.27704
1034.2822
702.8906
780.6002
448.88922
785.6156
1003.9306
789.98083
1046.001
1550.2991
657.47754
575.61755
409.88855
1310.6711
539.60046
503.77325
1007.2619
947.6847
886.973
1264.0303
1101.7449
1466.1536
1002.715
980.75964
619.447
575.8573
598.6001
1612.842
634.1405
1526.6786
1223.6104
1851.1417
442.25183
534.3805
937.5875
438.31543
1654.0784
568.4662
612.6803
1015.84766
1213.6296
637.4199
967.5931
1490.271
720.9917
951.5445
1833.6132
694.0232
1182.8206
226.09381
1119.9119
471.4167
1458.6555
548.67426
675.32404
1394.3895
889.9425
1478.6616
1099.961
1101.621
956.0032
656.6458
1192.0455
464.4138
1467.9536
1046.5048
933.3827
341.21582
1008.1416
544.34424
465.38196
852.91034
843.48334
264.8423
1251.2853
1054.7549
1101.8705
400.94583
601.8897
591.8556
485.0839
967.5985
744.78455
1224.434
391.38135
1547.1794
240.9954
792.5391
745.0146
611.6854
180.25952
755.629
709.9093
685.08307
277.4882
643.7616
786.82446
434.77307
277.6179
349.57953
742.197
1057.395
838.77
985.99036
1383.5984
1363.7617
732.3824
900.2328
1387.1453
1112.3848
907.76965
607.21423
986.8747
1329.8258
307.75287
604.1664
467.98553
2290.9219
1060.2986
1639.5742
659.208
450.39902
1126.8228
1157.3881
655.4906
1057.4279
1118.9452
419.0155
844.0658
585.1289
634.7228
324.8855
431.13577
784.5594
1435.021
1107.9583
290.83606
608.41565
1265.3927
1179.0559
488.5889
395.44043
840.1242
583.14557
605.20166
1122.2627
1183.895
163.58359
1203.3042
955.0438
1472.2986
1017.22656
792.9734
1532.9946
1245.2408
1336.114
679.0187
839.58813
766.0436
769.5122
1221.3992
1401.4413
1188.0074
1336.1953
1114.7129
1088.8893
530.042
457.61853
1500.4558
390.84634
750.5211
658.1706
1210.0704
206.1092
692.7182
1739.8108
1340.5765
1196.6016
346.26965
1219.511
475.6602
386.51935
1242.6665
1775.1077
685.584
995.14044
977.9944
2011.5266
1046.916
1371.134
660.6454
1306.0725
1430.8416
1231.3939
1251.6531
570.7525
1230.3997
1220.4252
1272.1726
1066.516
1060.125
1157.6716
858.7208
642.03845
452.09488
650.3214
827.3668
869.5412
1322.4075
673.9483
1154.2583
1015.55835
1126.6418
581.6238
705.87146
758.34326
515.7941
2305.1602
547.20764
1661.9679
2291.0952
689.28906
665.87775
2164.697
1017.23645
766.2571
1988.2491
485.68655
860.43146
1067.4515
864.30804
235.12015
494.65698
1152.5057
2442.4375
463.03027
512.7677
1437.6992
1543.843
635.0514
341.48956
1430.6987
1283.7556
934.9573
1143.0211
1249.0367
1447.5892
1151.9424
357.79437
1045.5361
1221.9606
236.29184
360.38345
338.12494
1459.6221
499.65085
970.3557
1000.50604
427.70703
1532.4625
407.13898
711.4048
1015.0464
1211.1758
1288.5775
1212.9904
796.3739
477.4021
723.5648
1433.9028
539.5072
468.55533
492.86075
1208.6078
493.11444
1259.7069
805.9048
1072.6
1227.7932
514.6797
1502.5999
545.609
321.8281
1248.4923
347.58185
1496.8611
802.43567
1459.3748
364.32922
1059.0282
1211.1941
1021.552
603.0637
1470.8611
1138.3159
1460.9631
1353.765
1282.008
351.91412
2201.7776
475.42566
475.0632
1222.7457
837.3753
1121.7219
1682.6558
1068.4895
1403.5142
2139.2642
1409.9678
612.17566
1379.0774
903.903
463.4842
354.0337
840.92267
835.2635
1506.5333
1038.978
534.89886
864.19574
587.7283
1149.7213
1114.0103
1035.8682
504.6341
412.15128
1049.0146
798.5934
436.62192
1318.2992
737.36
422.76526
1316.4813
962.6561
849.276
445.22018
856.181
643.4464
442.48355
818.3097
935.302
754.5581
2377.6309
821.0421
981.13446
1330.9971
1082.4539
538.7141
1161.142
1099.7367
1273.7539
896.2453
330.88898
332.15674
1593.3877
1379.7583
1043.8473
939.4724
788.404
1041.6301
1226.365
1197.1123
1180.947
1448.6637
515.6331
1196.9342
272.7069
832.43396
290.93558
473.67615
649.6173
1245.8843
1208.3177
1429.4004
1148.0491
1343.4443
390.7032
692.4756
864.8439
1164.8363
479.45383
1003.1572
949.3952
485.61804
1255.1562
1251.6055
2289.232
500.7259
957.24854
373.3269
1291.6509
1202.7034
1169.3583
1519.4264
2260.466
1442.7227
406.36414
1415.1733
523.9049
879.96924
471.79935
761.57855
1208.6353
775.20276
551.30536
894.9644
430.47995
1273.1139
2294.9297
859.549
2278.2302
1350.2288
1376.2004
555.0986
1376.8352
567.7124
480.26495
1308.469
794.13257
529.6655
283.3796
1239.9045
774.5021
620.5453
926.8627
259.3045
458.4717
1108.532
307.6008
834.15625
1057.1093
1476.2312
979.43475
725.4721
324.76978
1342.751
1935.4231
581.5051
1060.4161
1431.5973
394.77338
847.12366
197.13016
311.3044
971.09094
868.3479
1810.7842
1821.9268
1331.508
589.04803
332.5515
613.9668
870.0265
1056.5022
473.98044
389.59845
348.19296
1036.2562
544.63617
1167.1659
1444.1133
709.7571
664
791.8139
1093.8584
405.55887
669.89417
949.97815
1509.8296
304.85333
1475.5673
1291.2015
1362.637
532.51337
1259.0188
1265.115
1208.2887
95.34932
730.64667
467.0378
677.43536
544.9876
1066.1609
1371.813
1540.1265
510.98126
736.9101
836.5104
508.13278
2499.3096
563.56744
645.76074
630.8085
877.03906
403.84573
709.96185
702.34766
834.829
564.54114
1050.1642
251.28424
825.126
998.7408
484.39612
421.7329
1087.5854
711.6587
1145.6157
1555.2014
1805.4049
533.7666
556.55896
917.4026
721.3048
868.9989
1184.5542
2093.4585
1795.5784
2399.956
646.03973
910.3154
1032.7826
904.4382
439.85086
966.62445
624.84247
824.351
587.7554
663.74695
312.00446
913.1398
526.3622
1275.4067
973.0475
1495.8159
300.97345
939.64667
696.5923
758.15765
1128.1132
1246.7268
1444.3086
1195.7957
1029.3083
1199.6145
1428.9786
1136.1963
1186.792
864.2651
1103.6239
1089.0872
790.8242
385.57367
1245.4358
737.92505
619.6412
1024.0339
1262.6509
351.78577
592.9995
1433.7333
451.2077
1487.5375
504.33258
1616.9052
962.0419
1304.38
2216.0354
516.71674
1604.008
816.771
1652.0116
2078.2407
1215.5902
942.5214
483.37698
472.81723
1260.808
360.35626
2283.7292
484.56738
588.60077
834.6104
959.5309
613.70483
529.95386
369.0019
1265.9775
1205.6837
384.27765
1588.7325
1324.2124
108.301506
599.74774
1013.38293
2467.4177
300.38284
825.92377
1482.166
543.25946
1227.0591
1263.9272
2344.1416
2297.159
1233.3372
668.8469
708.2439
1414.8458
566.8807
1168.5792
1066.7064
1303.6979
528.16156
1144.7528
1501.874
949.10657
1150.7615
476.1006
407.51147
717.9785
1004.97314
253.30899
1487.1265
878.97943
736.5431
701.74695
1590.515
702.40125
243.91205
680.49475
156.68765
464.80377
336.90427
1024.9667
997.67633
380.66803
716.4337
1017.87177
363.215
1477.7423
559.7566
884.8739
884.2896
695.1984
326.95227
1196.9551
1070.4015
464.39572
746.8844
696.104
1124.7751
919.54663
1333.9641
813.44196
1190.326
327.539
973.08405
992.7915
217.58296
830.745
610.16785
445.70416
1472.773
1431.043
419.4376
1231.041
1286.4553
845.5986
958.6832
1062.5991
585.4698
558.2197
443.61884
1382.1876
764.38354
671.6145
640.4412
1521.7064
630.61475
523.0427
927.3423
985.64404
281.80927
1090.1144
1250.3789
1049.854
1587.3547
1363.6962
1511.5012
318.90747
1087.948
385.2517
464.4735
1222.9618
1349.6548
677.31635
644.2438
490.13483
1757.07
951.4293
592.7142
491.47906
941.485
1386.0493
718.98755
1147.6055
408.31287
637.16437
402.71432
302.987
732.18243
1438.5435
396.71594
394.56934
1238.5208
600.1419
428.63925
651.9701
678.09686
1027.2592
1075.3931
1143.2195
2154.048
422.85413
1589.5356
948.15344
473.2002
1214.488
1194.6145
699.0462
356.76556
1220.3438
1163.074
1108.8093
546.26666
469.5794
329.52
949.4642
453.10522
1217.0022
476.8035
792.64136
771.1323
1617.7483
1069.7607
487.99326
1038.7551
1552.5337
1481.623
1909.3376
1586.5822
1198.5276
998.9357
163.05829
1433.959
352.75708
1175.0464
1321.2587
647.7146
910.5165
726.4989
535.7812
1036.8093
2082.833
389.9493
629.047
1152.961
1028.4797
1633.7941
1310.854
751.05945
879.09875
272.80627
468.77667
1191.0125
864.2863
971.2634
1211.4031
1738.7546
1142.677
321.54868
239.99677
1320.6583
852.76056
599.8627
1235.3762
302.89557
817.3817
1361.5358
764.80884
378.29755
1349.3126
454.27536
1003.21484
1015.86145
1304.3998
1089.6548
719.5687
898.8334
1644.3065
1089.756
902.355
2366.1372
263.0371
582.70984
425.56134
694.8454
2212.413
1073.3517
1289.3951
1303.5748
1576.7998
1867.5166
702.3453
1251.333
1367.5536
886.0718
1127.186
294.79028
221.26851
710.06683
1196.2021
2288.1262
1069.2993
2257.8848
704.75244
1102.2993
1406.7784
1542.696
516.90216
1132.4998
980.62915
1002.9595
1170.6201
203.69339
344.42743
988.3966
868.56104
547.35583
679.33984
1108.6765
1645.3635
1016.005
658.67957
1167.914
251.84373
1208.1199
727.0392
1447.4084
279.2825
1178.7985
508.8963
470.01648
515.803
1245.8358
597.749
1167.4159
1009.6107
1312.7839
1115.3245
1626.0292
798.4258
561.25757
688.0417
1600.0457
790.09546
1088.0333
270.69437
138.62265
1153.9619
1118.5476
590.68744
608.2495
929.7102
1331.8333
262.4619
757.7141
610.67084
617.5646
957.8893
518.75287
1020.21814
1686.2821
1286.6101
424.4248
394.05627
628.29175
1275.2183
1300.4573
302.42584
1526.0647
1237.265
1334.7563
1139.4202
1169.5522
1044.1566
333.0501
528.1146
497.41577
525.8502
1019.1415
1159.2662
606.3119
766.818
1174.5225
775.3424
2402.3555
552.0757
592.46014
543.46606
1504.7332
1164.1708
845.2967
344.95703
1267.6768
733.63007
2080.0776
957.2331
484.73505
1197.7793
810.9241
583.0839
1519.5312
847.8058
718.5053
537.7053
1011.0901
1389.2715
1431.7932
861.17346
512.91296
657.31415
1065.5627
1017.2406
728.82336
393.30353
1994.4934
1022.8229
1194.7969
1097.1328
272.8603
988.95465
410.3111
359.659
1116.4493
557.3183
94.580795
674.38446
1489.1042
559.32776
437.97626
2415.741
1093.3081
653.1727
1857.747
590.2596
1091.937
1347.6802
1025.3462
249.85597
901.2696
866.0373
857.39307
1202.6487
580.7036
671.04083
1619.646
1047.8961
911.9186
1158.9962
1673.8099
2377.9382
1381.8865
1245.6213
1210.7432
961.5694
891.96606
1024.5868
538.714
409.00894
902.37964
722.9327
214.07407
988.9905
1093.8274
512.915
1211.3817
1197.3579
836.0582
691.84326
438.3646
803.3899
821.9243
1144.9604
731.66565
1179.776
945.65894
868.71564
1237.0143
461.59402
1291.4594
1319.6085
423.59985
2246.3066
811.90125
719.3141
439.33643
1008.9182
778.0984
302.26917
545.6029
970.712
1598.7136
1505.6055
977.3688
2140.663
601.4735
555.11084
1419.8772
2321.4915
371.69653
2058.602
1919.9902
455.76294
392.91815
1574.095
657.256
1402.0496
1061.9585
1529.9331
1408.2677
1549.3384
1132.6218
976.8218
919.9153
1473.4136
500.37115
529.6183
551.15027
1351.353
527.33765
930.80774
398.42776
725.526
1016.309
621.0779
247.028
1276.5317
1073.724
1052.188
1532.1543
582.7231
1365.2009
498.78427
631.948
375.26154
690.77606
436.54684
868.0612
504.5064
844.1045
1084.8392
1361.5942
873.2484
2152.519
1145.2952
1228.413
1252.8589
429.3728
338.6687
492.35052
648.0064
626.97125
251.49756
1306.1089
1546.3547
633.727
522.1301
1229.8369
1461.856
1171.6694
556.7428
1043.0266
477.43875
1548.3025
1163.1942
477.83908
231.57442
1222.7678
453.22424
1504.8223
1238.9436
1425.1196
672.2481
256.93988
863.8013
1095.5215
1275.6448
850.74744
537.9894
641.448
1204.5029
944.6693
1433.645
1030.8357
427.6892
813.9293
656.1138
786.4845
1085.0686
745.1146
1104.216
546.576
508.8139
948.5844
617.3109
1319.3171
772.4249
1590.296
1393.2395
741.62964
327.00946
1307.274
424.77335
947.80505
439.04208
891.1355
246.79904
780.7695
545.2998
915.31006
698.4877
1445.782
1593.231
253.29782
1104.7372
1249.4501
957.78534
531.45166
1035.0085
1519.0533
617.63226
444.05194
1014.67145
2239.489
1890.2747
623.3511
823.35815
653.694
775.32623
1216.8513
603.58167
1137.62
1840.0868
1144.789
1417.815
501.2929
539.202
894.43774
778.75
639.3203
1358.8967
379.62555
762.26556
1493.2445
768.61365
431.51776
1480.6719
1491.5941
370.67056
1157.7715
850.7278
1229.118
395.35114
1416.8949
592.8524
542.9767
1125.569
998.7487
1009.6353
1302.9816
418.08298
591.2042
1389.1548
1026.781
1256.9124
531.27136
434.34167
1436.8494
1745.6948
1749.5375
788.5167
129.63919
321.32758
919.11523
445.848
388.768
1054.9026
769.2267
487.09595
197.38332
743.4127
592.9655
1291.1099
1102.291
1213.3638
1267.1965
454.80804
1251.8926
979.89124
1174.315
1132.0851
1130.0873
1290.4633
722.3919
606.6072
897.63525
323.65906
2011.2664
249.648
1012.1488
1192.9609
1225.9358
1135.9875
1258.3726
1005.7987
965.1499
1328.3408
1101.2578
1080.3284
608.2365
496.12277
1284.8378
529.08167
1171.8889
1106.2297
1023.21313
544.6651
401.28207
391.3579
1019.198
647.4668
1276.3501
1233.6509
1881.2147
1024.6157
817.27454
643.0072
580.5497
552.63153
1087.4247
1148.1805
915.92175
1840.4729
913.36676
1721.8354
2337.6821
538.52234
422.92334
862.04407
649.71356
684.7334
1045.4772
1471.2764
1288.7635
601.71826
861.04456
694.76245
595.0622
1445.7194
1573.685
1079.8995
1226.4976
647.1778
587.4485
344.43143
1330.3729
