1287.867
1022.19275
902.4707
1193.4387
593.00146
1285.6595
1129.1218
235.96747
1231.4828
718.588
457.66306
879.20917
365.18085
1379.3428
1266.276
992.95685
1348.6987
1184.096
1525.8569
371.27942
2252.3672
1161.9788
364.91132
816.8866
534.56177
422.50525
1437.3148
1324.7808
859.3495
1155.6445
541.6929
462.64517
398.56573
457.8568
1376.1111
325.62323
1061.0056
582.0685
2113.5354
503.71848
784.5867
1513.5143
596.58624
381.92996
328.67728
446.07343
1175.4
728.80115
561.48376
274.7826
656.5774
1463.2144
937.9761
1316.6108
927.9019
795.54846
671.92523
1183.554
483.58997
654.30383
1239.4443
337.12744
302.46765
1135.6685
1486.0887
1145.0237
397.05045
1070.4652
605.21954
1275.8784
1162.855
767.1123
1175.3282
1224.7684
913.39417
897.8483
769.1588
1094.1653
489.06818
1314.7036
817.82684
1327.6382
219.87898
1158.9785
754.26416
1042.7758
876.4956
1114.7024
1007.4905
1115.2251
1353.6874
844.0829
1238.1196
2419.202
691.0254
1318.7437
608.20654
1163.854
656.9198
698.7478
1449.3767
1101.5566
1205.3154
382.78943
1045.1809
1352.4158
831.8961
737.5784
2259.171
2381.4995
1428.7698
498.20853
794.556
278.5468
554.59534
397.31635
2304.7974
1087.2085
1341.8285
671.9467
360.91776
750.2352
1204.912
1363.6711
1337.2114
1047.5352
388.66455
553.0305
2308.923
855.12524
663.52905
467.04242
1021.89886
2061.3977
1225.5962
188.32976
1147.5627
614.99646
858.83704
1012.59503
1328.8359
1388.3112
477.6172
755.93933
813.9347
511.12146
835.3817
1116.7603
363.60214
1285.7494
2333.1812
917.8544
983.24884
407.2898
742.59045
1088.0991
1176.5574
1420.6655
899.9846
305.10272
1080.45
1355.0931
783.4343
1078.0778
1100.1632
844.01025
2388.6104
1477.5009
846.8568
725.32043
853.35754
364.63556
565.9948
550.68024
485.81165
1545.7576
1202.6892
504.61108
1201.5962
804.51654
1495.8741
577.0167
2551.638
402.07434
2318.9976
1951.612
1517.498
2357.8955
408.2959
1389.8112
851.90045
571.76624
1380.7827
1049.758
212.80588
354.293
870.02094
353.92874
698.1245
1522.5002
1014.9801
1162.037
1194.4817
594.47864
300.33893
777.8355
626.1874
499.6979
385.08533
1073.4686
899.6455
557.46783
422.42328
2246.8599
1433.94
795.2171
408.6873
644.324
1067.7277
691.21313
2188.5288
605.1617
2226.298
244.47183
1303.0667
1254.5907
2206.1182
1425.933
521.5177
419.26746
1084.9967
208.19177
571.9783
1182.1323
1183.1628
1101.3824
765.68286
1096.8236
2362.982
941.0025
1116.295
192.24948
2549.883
1123.489
929.6428
700.39124
1360.0723
1083.4026
921.111
1279.698
1407.5358
819.9308
751.0713
551.2859
1204.481
1030.2034
1455.1935
1502.566
1380.6255
1060.4579
1405.1257
1437.405
677.9519
408.80652
934.02563
1016.61035
1340.4048
1018.5215
835.38293
844.8478
1097.0941
1611.5781
643.7825
1125.6458
541.11584
1329.6819
542.0722
1291.6057
1126.8279
1625.1624
418.72296
1132.2661
1240.4031
500.36212
513.66644
1128.1852
521.2571
232.78491
812.3516
1155.3242
1749.7141
1372.1831
1009.95593
1124.823
360.22235
1196.7705
1275.052
2262.806
683.0458
251.17363
1021.99835
1367.4553
264.72842
441.12408
1071.208
1403.4597
757.2147
424.1624
344.11948
1356.9404
1594.986
670.3654
558.48254
2456.1743
977.82654
966.5077
1162.3352
857.72437
336.3687
342.5818
836.46826
1136.2131
974.2492
933.6812
339.19022
2437.4624
596.1426
375.663
1319.9319
905.181
315.76233
1081.5175
1522.5178
429.89102
1175.1885
1083.9153
1599.6366
957.6865
968.4757
923.86145
429.293
1163.2373
1001.6895
352.6207
1111.1459
1326.5852
315.37967
607.97144
664.38556
909.11914
494.69272
598.51337
506.55307
617.29004
142.36075
395.5725
306.10284
745.43567
741.46075
613.4464
694.3728
372.02295
1400.7472
813.6436
263.02866
729.8095
1579.6982
1110.2332
1385.9338
473.50317
300.246
1063.372
935.6538
986.5488
1277.1066
1120.055
506.66385
1333.5474
150.10225
384.77826
1732.7578
774.15027
492.3248
206.30606
1430.6322
487.86975
851.4859
1220.2607
857.6118
1073.6617
568.9112
522.74585
998.83984
1099.6215
721.13715
1028.6273
1631.4816
1071.772
868.29095
998.957
621.9794
1504.4431
908.38904
1493.3995
735.9469
421.23035
1317.3398
671.30164
950.9098
489.60394
334.02893
988.3929
806.8356
590.06445
1587.3666
385.37692
990.4056
936.0279
449.12488
748.09393
778.82556
464.5692
385.16962
807.7926
1468.5173
218.81282
1016.27106
463.60782
1043.9341
905.2429
819.47797
1059.5394
954.78674
1145.0723
1092.6711
859.04114
552.0342
715.58734
1520.5286
1767.7957
878.24756
1326.1027
1065.457
616.4242
538.2288
1368.9106
1390.8501
840.25146
1373.7606
1312.6072
461.70953
744.43396
1385.8301
528.53674
925.6615
1229.7156
1220.0088
629.2435
1225.3928
488.4331
558.3238
1145.9502
620.54865
1204.247
778.15106
1192.4768
389.04724
978.51135
1137.7861
1184.023
687.0379
1330.3401
1078.0234
1414.6445
1021.90515
1205.2323
424.6578
674.22626
468.9194
694.9949
447.81763
1272.9932
895.9099
1636.3076
590.1201
573.2129
718.5865
1249.1283
1243.859
830.30347
2143.7305
588.1625
389.19202
757.79596
1149.9047
1159.0474
812.84283
435.48456
1201.2921
647.2959
601.25305
1262.2491
1288.1797
986.00195
1436.8257
1128.4066
456.12103
455.55392
745.9613
958.43854
1269.5813
1316.7267
492.3432
175.77286
449.70032
351.8817
1002.5481
1478.4004
334.2501
717.3694
817.9103
470.71106
1597.8553
854.061
758.57434
1124.7365
1558.8864
415.5739
1146.6661
1111.9441
1266.9138
619.7794
781.954
412.56055
322.16687
381.25162
737.81433
1394.3978
561.18805
748.61536
732.7571
642.901
1039.8026
2182.3818
689.44995
1096.6584
938.8944
2389.2493
494.59998
1462.6816
1446.8916
755.7798
1124.1699
974.13245
971.1835
1286.0546
1058.3276
717.641
2213.788
568.8351
378.59464
1081.1321
566.8184
657.6687
1742.3549
1548.0121
1314.2909
302.11942
1098.8573
250.11674
764.3605
1029.905
1206.0876
662.37463
755.9453
883.3507
382.939
324.57672
1191.439
729.5893
428.239
1457.107
1071.5872
1427.2188
888.4371
676.7691
153.84193
631.23724
1508.3694
321.99243
364.8509
493.54523
572.05853
977.74695
1054.9736
682.76886
1292.3712
1164.1787
152.13213
999.6992
551.9521
1132.7473
633.01764
1241.5088
1088.9025
1343.3983
1141.4222
451.29688
793.43774
709.5174
1300.8223
1333.1399
378.23657
1726.0048
345.31165
571.0184
1190.0569
900.97736
205.7723
807.76044
667.39795
1300.2771
532.38245
687.24207
1537.9512
1210.3335
200.32611
1210.6681
827.2135
1277.4128
517.7805
1042.5942
1282.5784
1277.0734
340.06827
1113.5076
1658.29
564.13336
1190.7203
666.21643
731.55664
764.602
685.9841
1377.0062
1148.2102
2389.5188
924.38806
1971.4395
1218.7136
729.10266
1588.6194
1110.2917
2098.5234
594.5223
1131.7087
1186.5837
759.2444
606.8114
646.4114
1486.523
802.62384
1120.5701
462.8478
508.64136
1556.9412
494.4295
274.24832
892.22876
392.35907
1169.2432
182.36514
981.31995
864.32556
692.95764
662.76776
259.9862
558.25824
275.7361
1025.4683
663.89404
1027.2941
453.501
635.30884
1651.1782
1182.3427
1199.4979
574.1438
1100.6875
1230.4485
1039.7368
328.11798
1104.7736
327.0851
379.13385
1043.0522
1432.3506
2264.608
1488.7452
475.93146
307.48886
915.70734
735.7207
925.14954
435.22018
301.4649
767.59644
328.84027
1104.1594
1231.7535
1163.1919
1147.2437
464.16348
830.557
1286.8503
1586.9961
2152.2983
797.6111
604.6123
1034.6243
700.4621
777.6969
447.64078
784.1138
1002.133
787.8845
1045.7708
1550.3745
655.5586
573.2101
407.23883
1309.7086
537.8165
501.9493
1004.35864
945.9531
885.0074
1262.3579
1101.512
1463.8146
1000.4776
980.55225
619.3412
573.60095
597.26135
1608.7205
633.64404
1524.784
1223.415
1847.0911
441.16473
532.0871
935.8022
438.09454
1654.095
566.7945
611.6205
1014.74524
1213.0684
636.8773
965.8816
1489.9247
719.6715
949.1001
1831.3773
692.61475
1182.7163
223.44852
1117.8762
468.90955
1458.4136
546.0244
674.61365
1394.0288
888.87177
1477.3611
1098.1991
1100.8158
953.65094
655.0203
1191.916
462.64532
1466.1611
1044.6089
931.2208
340.6707
1006.74207
541.8097
464.16534
849.3374
843.3324
262.13037
1249.8241
1055.5436
1099.162
398.85654
599.73865
590.04626
482.31192
966.092
742.59564
1222.3651
388.70068
1546.3823
239.85039
792.0539
743.0279
609.9072
177.80737
754.39813
707.1601
683.3224
275.6948
641.7256
786.51337
432.52924
275.977
346.82916
740.80066
1055.1536
837.0624
983.4867
1381.8466
1363.0715
730.38074
899.9096
1386.6161
1109.5054
905.40344
605.7667
986.40063
1329.2821
306.668
601.27747
465.94772
2290.499
1059.7971
1639.1129
656.4934
448.36743
1125.6428
1156.7856
653.5902
1057.0203
1116.1211
416.63696
843.26624
583.1343
632.6827
322.86172
428.6739
782.694
1434.602
1104.7947
288.1477
608.1943
1262.4559
1178.3501
485.26447
393.22974
839.7312
581.53625
603.32275
1122.2239
1183.7749
161.0506
1202.105
952.12415
1472.2913
1015.0556
790.8539
1531.893
1245.4795
1334.5421
677.3242
838.0598
763.4061
767.2934
1221.8574
1398.5929
1187.5444
1335.0375
1112.5771
1089.0055
527.6634
455.6448
1498.8071
388.4922
750.0639
656.9195
1210.0175
203.50505
690.0675
1737.0183
1340.522
1195.4143
343.54175
1219.6061
475.45465
384.4947
1239.8173
1774.0946
685.76355
993.1309
977.3249
2010.9985
1045.2396
1370.8777
658.5209
1303.5546
1434.0382
1231.2594
1251.5166
568.5934
1230.066
1217.418
1271.6525
1065.42
1059.0803
1158.2424
857.86444
641.34064
450.09232
650.0017
826.1753
867.3116
1320.7769
671.66473
1154.02
1012.64856
1124.2906
579.42993
705.56116
756.0666
513.13586
2304.999
544.1633
1661.8354
2289.769
688.7269
663.17395
2163.9688
1015.5421
766.1349
1989.3152
484.80286
858.59485
1066.1906
862.0025
233.56241
493.31555
1151.587
2442.0933
462.42166
510.26538
1438.3142
1543.2842
633.7625
340.62085
1430.5743
1284.0002
933.9946
1141.197
1248.023
1447.3961
1151.7479
357.53723
1044.1001
1220.7927
233.95273
359.23273
337.6107
1459.3926
497.07404
968.254
1000.2864
424.21973
1531.294
404.8313
708.704
1012.0842
1211.3784
1286.5938
1210.2151
794.97534
475.47354
721.17395
1434.022
539.5043
467.94385
490.40427
1205.4581
491.1723
1258.3755
803.69885
1072.8292
1227.4495
512.2881
1501.3146
544.96924
318.7024
1247.6519
346.2456
1496.8671
799.6151
1457.8682
362.63513
1058.7935
1211.2283
1020.5808
602.5679
1468.0074
1138.1482
1459.8835
1351.8789
1281.1405
350.5011
2201.9553
475.2913
473.8014
1220.712
834.7103
1120.41
1682.6299
1068.113
1402.9607
2138.6567
1409.5901
610.656
1379.0934
900.9125
460.7236
352.309
838.5404
832.22565
1505.6599
1037.2203
534.5442
861.44653
586.75867
1149.1578
1113.8203
1035.748
502.83368
410.7447
1047.4315
796.36816
434.91235
1318.1273
734.2804
422.19464
1315.6149
961.1073
847.40283
442.4301
854.6256
641.0796
439.40488
816.65344
934.94464
752.80786
2378.8755
820.4582
978.7333
1328.9626
1082.5442
537.32666
1159.5433
1099.4822
1274.1968
894.33624
329.27728
329.5027
1594.031
1376.8772
1043.2899
936.8679
785.84546
1038.8307
1226.3177
1194.9788
1180.4081
1446.4767
514.6493
1195.7592
270.69443
830.4922
288.97284
472.2624
646.7605
1245.4214
1208.3711
1428.7812
1148.006
1342.241
388.28635
690.53326
864.958
1164.7274
476.96262
1000.2666
948.8962
483.07593
1253.8392
1249.9182
2285.876
499.47803
954.83887
373.02884
1291.4688
1201.1392
1168.6652
1519.624
2259.7556
1441.0854
405.23907
1415.5293
522.86334
878.9679
470.9784
758.0692
1208.4943
772.5532
549.7469
892.0774
429.8217
1273.1112
2292.3403
858.28784
2277.5955
1349.9159
1375.9955
551.6383
1374.4485
567.2161
478.30106
1308.0448
794.10815
529.4495
282.25702
1237.5063
772.704
617.3606
926.1382
257.2541
456.4337
1108.7819
305.2037
831.48846
1056.5671
1473.9346
976.93616
724.9609
321.8462
1342.7744
1936.1989
579.7051
1058.4879
1430.8911
391.5794
845.7168
195.5847
308.82193
971.277
866.09955
1809.7318
1821.6934
1331.6526
586.89636
330.41153
613.16284
867.6693
1054.988
472.4055
388.41556
346.5844
1034.9343
543.1111
1167.1216
1444.2888
707.9545
662.54236
791.0896
1093.535
404.47827
668.005
949.16974
1507.9121
303.60538
1475.9648
1289.1061
1360.8276
530.9971
1258.5065
1265.0367
1205.6251
93.581375
728.4866
464.2994
674.3414
544.355
1065.7124
1370.499
1538.1698
509.22852
735.6527
836.11334
506.4397
2497.4014
563.03265
643.7561
628.81934
876.5213
401.52167
708.22565
700.8574
833.1692
561.4783
1049.1796
248.66461
823.0236
997.64575
482.3101
418.84253
1085.7162
709.3779
1145.5095
1552.8132
1801.4346
531.7883
553.8468
917.04156
720.21185
866.2583
1183.3994
2094.4822
1793.1276
2397.7979
645.959
908.68835
1031.606
902.03284
437.36353
964.52966
624.3381
822.0812
586.33875
662.3624
308.96918
910.69556
522.7324
1275.215
972.7318
1495.8833
298.90424
938.7181
696.4097
757.77576
1126.4375
1246.1129
1444.3533
1194.71
1027.2772
1197.5579
1428.214
1133.5862
1186.6967
863.9751
1103.1124
1087.981
790.302
383.75522
1244.6631
736.3646
617.4984
1023.2445
1262.5183
349.63034
590.5585
1433.914
448.0952
1487.2178
501.8292
1616.5107
959.78015
1303.7266
2215.729
514.4864
1602.8234
814.7334
1649.2865
2077.5508
1214.4888
940.36255
481.64798
472.6898
1260.2417
360.04327
2283.1243
483.20544
585.51855
834.3303
958.22546
611.95215
529.8266
367.25592
1265.3646
1204.7278
383.50067
1588.1976
1321.9683
106.24755
598.099
1012.9352
2465.7834
297.53094
823.3672
1480.1523
542.1125
1226.3787
1261.7839
2341.9824
2295.7751
1233.084
666.8173
706.7074
1416.7056
565.03217
1168.3137
1066.3386
1303.6326
527.5155
1144.8591
1500.59
948.71344
1149.7275
473.4162
404.32462
715.44495
1003.24023
251.78752
1486.7021
876.03094
734.3288
700.95825
1587.8389
702.2081
241.76076
678.1351
154.86168
463.04987
334.19598
1023.5918
997.5312
379.00693
715.60004
1017.1963
361.0135
1477.2462
558.43787
883.73285
882.2299
693.65656
323.8654
1194.7684
1070.5991
462.55728
744.83264
694.3803
1123.3947
916.947
1332.9756
811.8579
1190.088
326.48026
972.1022
990.594
215.09866
830.13965
609.10803
443.81976
1472.677
1429.5
416.74173
1230.8008
1284.6267
845.16833
955.71277
1063.4088
583.18225
557.6525
441.04593
1382.7404
762.8081
671.47925
638.845
1521.6394
630.3945
522.4735
925.08105
986.4459
279.0243
1088.1776
1249.366
1049.7266
1585.513
1361.9061
1510.7803
317.26953
1084.9663
383.23886
462.09433
1223.6621
1347.7783
674.04504
642.2268
488.2212
1756.5261
949.69
590.6262
490.98584
938.9549
1385.4347
718.7329
1147.7454
406.84357
633.5966
401.69763
301.61542
730.5415
1437.3638
394.38248
391.1951
1237.4982
599.6106
426.22906
650.694
676.8
1025.6704
1075.9219
1143.3036
2158.3208
420.9841
1589.3806
946.93054
472.58206
1214.251
1193.8918
695.41223
354.66592
1217.272
1162.4354
1107.8169
543.7721
467.68378
328.99545
948.82495
450.15717
1216.7786
474.67337
790.2814
768.52997
1617.0692
1069.2109
485.7058
1038.6387
1549.3491
1481.4766
1907.2854
1584.2056
1195.9492
998.8417
160.80695
1432.2461
351.2412
1173.1094
1321.3516
645.99585
910.0838
725.976
534.33826
1036.5481
2083.2107
388.57178
625.7961
1149.6493
1026.5896
1631.4192
1310.8848
748.63965
876.83307
270.67194
465.62698
1190.7952
861.9483
970.83105
1209.0914
1738.3768
1141.4604
319.87967
237.68571
1319.0344
850.5204
597.15326
1235.0898
301.48267
815.19543
1359.1758
762.42395
376.99918
1349.0222
452.39236
1000.5045
1013.28394
1302.6069
1087.6353
718.58026
897.6552
1641.5321
1088.5026
899.6896
2366.2144
261.53397
580.81586
424.5525
693.2301
2212.8613
1070.3539
1288.4263
1303.5293
1575.0153
1865.2039
700.1052
1249.9453
1367.5046
883.3782
1127.7646
290.61234
218.97511
708.2107
1194.1746
2286.5015
1068.9901
2258.2427
701.96265
1101.8276
1406.4694
1540.4653
514.5628
1132.6567
979.8207
1000.249
1169.2034
200.78107
343.64374
985.26624
868.15063
546.2387
677.8928
1108.7494
1645.1025
1014.10803
655.94446
1166.2249
248.94986
1206.8335
723.9971
1447.1699
278.98904
1177.2882
507.51083
469.65164
513.9188
1242.7091
596.4417
1167.249
1008.37714
1310.5281
1114.9863
1623.818
796.0094
560.7865
685.8181
1599.9568
788.21533
1087.8398
270.60797
136.31522
1153.1248
1115.5159
589.55493
605.56885
928.1741
1331.8506
261.49487
755.30634
609.4673
615.09985
955.71045
516.5014
1018.93134
1685.7666
1286.2393
422.73575
392.22882
627.7639
1273.4657
1298.5178
300.13077
1524.1458
1235.0486
1334.8398
1136.8254
1168.0544
1044.4495
331.65057
527.7985
494.54816
523.2949
1018.75073
1156.6025
603.93823
764.8628
1173.2815
773.0957
2400.1538
550.2081
589.98926
540.99646
1507.0197
1163.9861
844.03357
343.31317
1267.099
732.1428
2078.2654
956.33264
483.3676
1197.7236
810.2018
581.5823
1516.3687
847.0999
718.2395
535.1579
1010.80176
1387.4921
1429.7871
858.7818
511.68372
655.53125
1065.316
1015.1884
725.9059
391.10925
1995.4143
1019.8387
1194.7643
1094.7706
270.85516
989.2363
407.0274
358.46814
1115.4094
557.1736
91.799065
674.12195
1488.6023
559.0376
435.63806
2413.2715
1092.1011
651.68134
1856.7529
588.5769
1091.594
1345.3615
1024.0282
249.19751
899.38245
865.2047
855.71136
1202.2107
580.1311
669.62177
1616.5315
1044.4294
910.12445
1156.3573
1671.2141
2377.474
1380.051
1245.6056
1210.5166
958.8743
889.24225
1024.2285
536.95624
407.5308
900.1553
721.03455
212.11934
988.7457
1092.8662
511.24365
1209.986
1196.3851
833.43005
689.25635
436.57227
803.1741
819.1087
1144.8188
729.7306
1177.1544
943.8989
868.536
1236.8655
459.26395
1290.4927
1317.6932
421.49078
2248.8474
810.82025
716.9225
437.3951
1008.4713
777.8246
301.93936
543.91846
970.1525
1596.2902
1503.4412
974.6008
2138.7422
599.88495
553.43726
1419.1956
2320.7302
370.40216
2058.552
1918.2482
454.21295
391.01953
1573.5574
657.1953
1399.8693
1060.312
1529.8254
1407.6418
1545.8323
1131.9539
975.32446
919.40826
1472.8683
500.13953
528.5122
548.9492
1350.6271
525.81165
928.1631
395.952
723.4465
1014.32886
620.6625
245.17188
1274.1874
1074.0294
1051.4529
1531.7279
580.3368
1365.1777
496.9536
628.3989
371.7951
687.08167
435.06274
865.4873
502.9385
843.6537
1085.0016
1359.9636
871.37244
2152.0894
1144.5618
1228.0056
1252.2954
427.9718
336.87936
490.7392
647.615
624.9262
249.23862
1306.1042
1544.1848
632.4781
520.28015
1229.5746
1460.8079
1171.3232
553.8893
1042.9275
475.835
1547.5851
1163.3445
476.4591
229.14975
1222.5602
453.2459
1505.8856
1238.3379
1424.985
669.1129
256.44727
862.78143
1095.7003
1272.896
848.78436
535.57434
638.1166
1204.8209
944.5935
1431.4808
1030.0115
426.19122
812.99133
655.68036
785.818
1082.9878
742.825
1103.5891
546.4959
507.5753
945.8721
616.10486
1317.3568
770.2122
1589.064
1391.2637
740.29224
324.3221
1306.6913
423.89264
945.8552
438.47186
888.8182
245.4389
778.26324
541.98267
913.0178
697.6013
1444.672
1590.3496
252.60999
1104.0009
1249.3507
955.23346
529.84753
1034.9131
1518.1761
616.519
443.81842
1012.89136
2239.9412
1890.7167
621.39545
820.4383
651.80145
772.20374
1214.5549
603.11
1137.4531
1837.7224
1143.5208
1417.9329
498.21906
537.905
892.78424
776.56665
638.2297
1358.3706
377.70355
760.63086
1493.2194
765.8676
429.86496
1480.7769
1489.4324
368.25836
1158.1646
849.0898
1227.0356
394.2695
1415.66
592.01953
540.3398
1124.2341
998.5853
1008.8068
1300.6989
415.39948
588.8285
1387.8408
1024.2317
1253.9437
529.7383
432.19788
1436.3894
1745.1532
1749.249
786.1378
126.76697
319.8836
918.7171
444.57306
386.64948
1052.4694
766.76825
484.22916
195.69475
741.99817
591.58936
1291.1294
1099.8022
1212.1418
1266.1108
453.58005
1251.7593
977.5353
1174.0012
1130.4769
1130.2113
1289.2714
721.5302
605.1528
897.1657
321.15454
2011.031
248.68602
1010.8728
1192.8842
1226.398
1136.1598
1258.1804
1003.4725
963.1899
1328.4906
1098.4705
1078.5807
607.17804
495.43268
1281.7163
527.0544
1169.5378
1103.6023
1020.6205
543.2719
400.10547
389.03293
1018.72833
645.36194
1276.5863
1232.9271
1880.4441
1022.50793
814.84686
641.9639
580.4366
551.53613
1086.9553
1147.625
915.09155
1839.6213
912.2001
1718.8494
2337.5264
537.21924
419.56232
860.99133
647.82556
683.5918
1044.1628
1468.6582
1288.3193
601.0314
860.7485
693.99915
592.4966
1445.5103
1571.384
1078.0164
1225.6674
644.47577
584.4658
342.05652
1329.9098
