1291.9286
1024.8928
902.7156
1194.7017
593.5316
1290.0361
1129.4109
239.39337
1234.5842
726.3872
463.98712
884.47375
368.518
1379.1268
1269.76
993.1384
1348.7769
1188.9303
1529.5332
374.57492
2252.7651
1167.5211
370.78903
819.988
537.0771
424.40332
1437.4968
1326.1191
863.8423
1160.3474
545.25287
463.45877
401.8802
460.16803
1380.845
331.31964
1065.3925
582.6958
2113.1084
508.9445
789.39136
1513.6514
601.83154
386.1968
332.60995
451.9394
1179.373
729.14655
561.69104
279.05063
662.37054
1465.1985
943.31445
1321.635
931.5477
800.5916
676.37933
1183.8685
487.29593
660.94507
1244.749
340.40372
303.3341
1139.632
1486.8683
1146.3689
401.39246
1075.1638
611.0378
1277.8915
1162.8269
772.6747
1178.7615
1229.4966
917.3152
898.22266
772.91003
1096.1759
489.19525
1318.2922
824.41174
1333.7133
225.30167
1159.8416
759.4684
1047.223
881.85815
1116.1669
1011.4707
1119.1825
1354.0049
844.21704
1240.4525
2418.2595
696.85645
1323.1617
611.71326
1167.189
659.0838
702.4735
1450.186
1104.4403
1207.6978
388.45697
1045.6796
1356.2032
837.53326
742.361
2263.0876
2383.762
1429.7686
498.70148
796.7074
281.91837
554.4697
402.94073
2307.65
1091.5645
1346.0067
673.24066
365.11038
751.535
1204.196
1363.8765
1337.1831
1051.0205
393.27158
556.135
2308.9895
857.20105
669.69086
471.39774
1027.4733
2061.47
1227.9805
193.03679
1152.8247
614.5573
858.7327
1018.44977
1328.9626
1389.8113
480.7939
760.3876
819.1499
516.2029
841.0708
1120.379
363.9514
1286.1411
2331.7693
922.66315
986.7443
412.00952
742.98755
1090.7806
1179.5522
1420.5518
904.80493
305.9461
1083.9695
1358.2479
787.39575
1079.592
1106.5177
849.3356
2391.782
1480.9321
852.4337
729.40234
857.3273
369.82492
570.5057
556.1206
488.13208
1547.9534
1201.4629
508.8109
1207.8713
808.7428
1499.1077
577.3385
2551.9688
407.76126
2308.9336
1952.4617
1520.5906
2358.1538
412.1667
1393.8848
854.5809
576.933
1380.8806
1053.7095
216.49004
359.36508
874.7836
359.31018
703.756
1527.5559
1016.0371
1161.7339
1198.6027
597.80804
304.15567
781.6256
627.7313
504.83762
390.10583
1073.4808
899.08136
561.9187
422.96188
2246.701
1434.7175
799.11255
412.61575
646.96173
1073.0627
692.52136
2194.0603
610.3019
2228.8115
247.9915
1308.2906
1254.4329
2211.2156
1430.4324
527.89087
423.69092
1090.1812
211.79504
572.98914
1188.6166
1185.2981
1101.3004
771.13074
1100.9084
2366.4072
945.3437
1121.501
196.851
2550.3127
1124.0254
934.10406
700.97107
1360.5063
1085.5493
920.39636
1280.4733
1407.9172
823.53174
758.0834
551.909
1206.6886
1036.4885
1456.248
1502.232
1381.7406
1064.2932
1406.1694
1437.5054
684.5062
410.53253
937.9258
1017.73254
1340.9369
1018.8501
838.5423
849.41284
1104.3926
1617.561
646.08704
1129.817
545.11743
1330.7075
546.79395
1292.5083
1128.1144
1625.8832
422.47107
1134.852
1239.8418
504.54898
517.1614
1129.4193
529.4288
236.25761
812.09607
1156.0483
1755.1819
1372.9653
1013.9588
1125.2515
364.49088
1199.8833
1275.8816
2262.1255
687.1915
258.13364
1024.6162
1368.0166
270.74582
445.80585
1071.6177
1408.2787
762.9494
424.70007
349.83954
1360.3301
1595.1769
676.25525
559.9885
2456.6235
983.6455
965.9687
1165.0344
859.4772
343.9937
350.54486
839.58997
1142.5371
977.85956
936.7603
342.69943
2438.1987
600.22974
383.27557
1325.8085
906.8038
320.05133
1085.6622
1521.8413
430.2249
1177.9531
1086.6323
1605.6907
962.56085
967.60944
927.9426
430.06464
1162.939
1001.1475
357.26138
1111.973
1327.3668
319.93964
610.8848
668.35657
912.9215
499.67346
600.99725
511.5421
620.4918
147.70634
398.34436
311.78503
746.1061
745.80316
617.41473
698.6863
375.00485
1401.959
816.21265
267.78522
735.51526
1583.9548
1111.0388
1386.4462
477.3509
307.11023
1063.2832
940.7445
987.78064
1275.7974
1123.2881
507.22363
1339.833
156.73668
391.3898
1732.2574
778.5641
496.83563
213.18091
1432.1718
493.42633
857.2717
1220.3074
857.4989
1077.4912
573.0663
525.5736
1001.7302
1099.7819
725.5711
1032.6744
1637.1616
1072.6531
872.5687
1002.31067
627.4655
1505.7756
909.07886
1493.5424
739.59143
425.50406
1322.696
672.49475
956.8805
495.95126
338.25626
989.69763
808.9271
592.0331
1580.7585
389.4721
992.15485
936.6352
453.4339
753.1495
782.9265
469.89386
391.70377
813.3607
1472.4618
224.78412
1016.70996
469.13715
1049.634
908.5973
820.4752
1063.3002
958.46655
1149.1818
1094.0156
859.57404
555.37854
719.3511
1521.2648
1768.8926
881.7178
1327.7183
1069.8716
621.6399
541.05023
1374.1371
1393.3888
843.8897
1373.2266
1315.07
466.33038
751.7007
1390.859
533.16425
930.3712
1235.0227
1221.2408
634.52606
1229.5168
491.0542
567.1141
1145.2721
627.96014
1204.6735
780.7666
1192.481
392.52594
982.41504
1138.7472
1183.4083
688.83716
1331.3499
1080.8148
1420.621
1023.9732
1209.1233
428.44836
675.6894
473.74625
699.27606
448.7168
1278.967
900.9639
1637.2427
597.51135
576.582
719.16986
1251.3019
1243.8827
835.5911
2143.8767
588.68054
394.82986
758.5683
1150.2478
1166.262
815.01715
438.41696
1204.9556
655.6967
603.0217
1268.9766
1289.1099
988.5288
1438.0366
1132.3883
458.89764
460.33292
749.12787
959.39307
1272.019
1319.7031
494.146
179.23026
455.40378
352.3532
1002.7068
1480.3835
341.3036
717.8434
823.3391
473.1905
1598.818
858.72095
762.5841
1129.387
1562.6964
420.25342
1146.7665
1117.457
1266.8003
621.12537
788.449
417.20367
327.8172
383.86197
743.4408
1399.7081
566.6957
751.81647
735.6636
647.4592
1039.2148
2182.515
696.1971
1097.8862
942.5547
2381.0417
499.9466
1467.4194
1447.5094
756.4144
1123.6783
974.55054
974.45667
1291.4954
1060.2002
721.1332
2214.1963
569.68744
382.0671
1084.4774
571.2633
658.8629
1749.3342
1552.7169
1319.5234
307.31122
1103.2954
254.72748
768.80005
1029.8252
1210.8569
666.5041
759.80536
889.31775
386.18506
329.52197
1192.6028
731.8147
433.43018
1459.3135
1073.4219
1427.6301
892.6688
677.3191
159.49976
636.2386
1508.1666
322.76645
371.68707
497.6469
575.1064
977.38873
1055.2737
686.57886
1298.3984
1165.3645
157.74268
1003.32983
556.9257
1139.8322
637.4266
1243.5739
1090.8696
1342.4009
1142.1685
456.2895
797.76447
714.73706
1300.7955
1333.3032
381.65765
1732.1172
351.56628
574.604
1189.9785
904.7974
210.38483
812.2388
670.34125
1300.6248
537.16144
690.9457
1539.6644
1210.2537
205.84454
1211.2573
830.4742
1276.5938
520.3739
1047.3804
1285.9727
1276.4148
345.31754
1117.6086
1657.7367
568.5341
1194.0037
669.4455
736.1987
768.2383
688.387
1377.7666
1153.0874
2393.1145
926.67163
1971.5796
1221.4517
731.774
1594.7504
1110.633
2103.7495
598.0478
1131.7858
1187.0127
759.7494
609.1257
650.5139
1491.0001
803.6992
1121.446
466.3452
510.26166
1556.6304
496.79254
276.85184
894.0717
394.8139
1174.4419
188.46257
985.6526
869.28503
698.54175
666.7883
265.4322
563.5026
280.2282
1025.8262
666.5659
1031.154
459.32922
639.94995
1656.1951
1187.8851
1202.5955
581.22424
1102.3271
1231.0647
1042.5808
332.98526
1110.9354
332.47183
382.29184
1046.4885
1432.8292
2266.9072
1494.7924
478.60693
310.64606
916.0197
739.9358
930.02295
435.69684
306.6347
773.18726
332.6078
1105.523
1232.6906
1165.2002
1147.6469
468.14648
833.8008
1289.3278
1587.9526
2152.384
797.68896
610.38794
1033.3619
705.2474
782.99194
450.01056
786.9252
1006.1313
792.4223
1046.3866
1550.0353
659.6087
577.7914
413.26627
1311.1348
541.8608
505.7517
1010.6337
949.15295
889.0591
1266.0176
1101.6538
1468.7251
1005.30225
980.7311
619.2543
578.1583
599.4457
1615.8656
633.3397
1528.872
1223.3335
1855.0669
443.77673
536.5874
938.7751
438.47507
1654.3654
570.6105
613.81213
1016.37866
1214.5261
637.797
969.91437
1490.7007
722.7256
954.704
1835.6777
696.03845
1182.8309
229.12149
1122.3093
474.17322
1459.384
551.41455
676.42395
1394.6897
891.69116
1481.1924
1102.3113
1102.5128
958.6832
658.58856
1192.3214
466.69196
1470.3508
1047.5967
936.17145
342.26178
1009.74774
546.4706
467.12885
855.8955
843.2587
267.1612
1252.8662
1053.7673
1104.5264
403.1785
604.48737
593.68555
487.66013
969.93774
747.256
1226.7693
394.605
1547.2202
242.65167
792.6172
747.5877
614.5964
182.84476
757.58203
712.04865
687.06824
279.1687
645.7839
786.8158
437.67496
278.17087
352.97113
744.323
1059.9469
842.1928
988.944
1385.7826
1364.8026
734.7887
900.4065
1387.9113
1115.3228
910.3185
609.0521
987.14197
1331.3809
309.12634
607.3707
470.33453
2291.7668
1060.1377
1640.0388
660.7332
452.5229
1128.5675
1158.0376
657.3446
1057.6797
1122.1587
421.93268
843.82214
587.46765
636.79474
327.83615
433.45328
786.91077
1436.5946
1111.436
293.76642
608.6305
1267.9609
1179.6018
492.41602
398.0235
839.87256
584.94995
607.12067
1122.2235
1183.8878
166.45216
1204.6249
957.58685
1472.0457
1020.0123
795.30963
1534.7458
1246.0095
1337.9784
681.35394
841.88885
768.6203
772.2733
1220.7505
1404.7809
1188.3464
1337.057
1117.0447
1089.3344
532.5886
459.82593
1501.6024
393.73206
751.1221
660.16626
1210.065
209.1871
695.5886
1742.7363
1341.0631
1197.8032
348.51746
1219.7336
475.77304
388.82538
1245.4161
1774.7484
685.0946
998.135
978.0901
2012.1355
1048.8699
1371.334
663.1659
1309.0242
1428.2812
1231.5292
1252.5347
573.19653
1231.1924
1223.1218
1272.8159
1067.5352
1061.3828
1157.4325
859.77844
642.37683
454.96616
650.5204
828.6961
871.88074
1324.4565
676.8143
1154.1951
1018.6437
1129.1382
584.237
706.7549
760.8296
518.12787
2305.4253
550.055
1662.0795
2292.299
689.5375
668.52966
2164.9224
1018.15436
766.25165
1987.6267
485.40936
862.8867
1068.9358
867.34705
236.98505
496.33746
1153.1155
2442.1401
463.18314
515.47943
1437.5516
1543.7831
637.3207
342.96106
1430.8525
1283.4272
935.29517
1145.3973
1250.7983
1447.5872
1151.9987
357.85217
1047.2153
1223.5579
239.02417
362.0974
338.26337
1460.0355
501.93103
972.67285
1000.6616
430.88275
1532.9678
410.04843
714.2703
1017.8332
1210.9951
1291.146
1215.9507
798.2579
479.55035
725.83203
1433.5487
539.9235
468.67337
495.71954
1211.8174
495.60193
1261.7527
808.0311
1072.3533
1227.7179
516.79193
1503.3334
545.6141
324.9966
1248.9731
348.94525
1496.449
805.2303
1460.0989
366.40698
1059.484
1211.1321
1021.87274
603.0856
1474.0762
1138.5182
1462.6969
1356.157
1282.1799
353.74405
2201.0364
475.43457
476.4182
1225.5298
839.9617
1122.5952
1682.8081
1068.5465
1404.0044
2139.21
1410.2441
614.08856
1379.0251
907.0757
465.97516
356.18057
843.8513
838.20654
1507.0708
1040.7302
535.11804
866.5783
589.0588
1149.698
1114.549
1036.2487
506.67648
413.74045
1050.7676
800.9357
439.0672
1318.5056
739.8584
423.2309
1317.5825
963.61676
851.7281
448.0631
857.00183
646.1476
445.30164
820.36914
935.6697
756.5941
2378.311
821.31604
984.011
1333.2639
1083.4597
540.93036
1163.8226
1100.0255
1272.9646
898.78064
332.9534
334.91736
1592.7212
1382.3672
1044.0297
942.0736
791.1636
1044.7366
1226.4199
1199.3813
1181.3264
1451.5322
517.5253
1198.4287
275.53217
833.9619
293.35278
475.7811
652.5388
1245.961
1208.3057
1429.8446
1147.9117
1343.9113
393.07498
694.77356
864.9685
1164.6682
481.76276
1006.48926
949.59924
488.58844
1256.7366
1254.2878
2291.8086
502.49823
959.4524
373.2034
1291.7534
1204.523
1169.3741
1519.2766
2260.1355
1444.549
407.66028
1414.8942
525.564
881.5243
472.532
764.9093
1208.994
778.29456
552.9218
897.75806
432.07166
1273.0957
2297.2615
861.1879
2279.1223
1350.1798
1376.3275
558.7015
1379.7036
568.46375
482.34784
1309.0049
793.9587
530.158
285.05948
1242.5566
776.8679
624.18994
927.10095
261.5424
460.71106
1107.9633
310.23666
836.3485
1057.4161
1478.7054
981.73987
725.33374
328.13477
1342.4397
1934.7941
583.7266
1062.4436
1431.7417
397.78687
849.0396
198.42085
313.76965
970.5505
870.7432
1811.541
1821.8367
1331.2643
591.4512
335.0591
614.21497
872.44727
1058.4818
475.91434
390.3347
349.81677
1037.7139
545.3017
1167.2406
1443.8354
711.8092
665.5165
793.0808
1094.0732
407.12476
672.5633
950.2816
1512.0631
306.49725
1474.9324
1293.9846
1365.5028
534.2789
1259.2478
1264.9976
1210.8839
97.65388
732.9723
469.8643
681.1084
545.5672
1066.2389
1372.2242
1542.7279
513.2097
738.8668
837.2368
509.76807
2501.436
564.1055
648.1969
633.07697
877.2414
406.78284
712.1434
704.1947
837.0416
567.45703
1050.2681
254.50414
826.65497
1000.7975
486.89075
424.5252
1089.3711
713.872
1146.04
1557.592
1809.4324
536.57227
559.6807
917.6773
722.71295
872.1124
1185.756
2093.2766
1797.9382
2402.353
645.98267
911.99023
1034.4194
907.14606
441.11243
969.1587
625.06335
827.111
589.222
665.2524
314.8837
916.16583
529.72394
1275.3816
973.01294
1495.8838
303.4277
941.12
696.75104
758.35284
1130.213
1247.0605
1444.8918
1197.1451
1031.5933
1201.2561
1429.1217
1138.605
1187.04
864.5189
1103.8218
1091.1072
792.03577
387.75906
1245.5593
739.6269
621.73083
1024.4532
1262.7268
354.10785
595.7152
1433.5267
454.18555
1487.7837
507.1474
1617.372
964.53796
1304.4993
2216.8828
519.42017
1604.6506
818.93005
1654.8567
2078.9438
1216.6248
944.76337
485.85797
472.78717
1261.3812
360.49304
2283.8228
486.28757
591.92596
834.7424
961.324
615.89526
530.16534
370.97668
1266.6053
1205.6276
385.1021
1589.1389
1326.7828
110.44569
601.7262
1013.0967
2469.5137
303.08258
828.63025
1484.3279
544.7881
1227.5854
1266.3025
2346.6108
2298.821
1233.5459
670.9358
709.7711
1413.37
568.75366
1168.5533
1066.984
1303.5293
528.4779
1145.247
1504.0281
949.1082
1151.8972
479.42825
410.57904
720.4784
1007.6577
255.07892
1487.5848
881.7002
739.4375
703.65466
1593.2808
702.34827
246.42189
682.9555
158.69089
467.37372
339.80798
1026.4199
996.9824
382.3003
717.9002
1019.1864
365.73907
1478.5078
560.8286
886.27844
886.6891
695.90875
330.00272
1199.5502
1069.4688
466.41885
749.3229
698.54297
1126.601
921.9099
1334.6343
815.63586
1190.3562
327.7246
973.4296
995.22046
220.568
830.87683
611.4298
448.27545
1472.8119
1432.8923
422.28076
1231.0134
1288.2887
845.96484
962.0331
1062.6035
587.7175
558.1916
446.45407
1382.264
766.4904
671.5509
642.4877
1521.8438
630.77527
523.19916
929.80786
984.9048
284.8836
1092.258
1251.06
1049.7881
1589.3986
1365.7286
1513.79
320.94214
1091.3787
387.12964
467.3597
1222.6448
1351.8367
679.65533
645.6282
492.15802
1757.1925
953.3584
595.0582
491.79016
944.5465
1386.2761
719.1056
1147.4851
410.42163
641.14886
404.1974
304.29272
734.0199
1440.0819
398.322
397.5381
1240.0325
600.29486
432.09937
653.45514
679.85925
1029.1714
1075.4552
1143.2496
2150.5457
425.0776
1590.5442
949.8262
473.9533
1215.2059
1195.0452
702.73535
359.22772
1223.1711
1163.7235
1110.0165
548.97766
471.81537
329.3593
949.6614
455.88135
1217.0908
478.37677
795.8341
774.2471
1617.9854
1070.0338
490.15454
1038.5364
1556.0017
1481.9973
1911.3696
1588.3422
1201.578
999.2732
165.75797
1435.7361
354.7589
1177.4026
1321.0665
649.8114
910.4213
726.3113
537.5438
1036.9128
2081.691
391.52197
632.1877
1156.0466
1030.1506
1635.9072
1311.068
753.28186
881.43463
274.8436
472.50366
1191.0142
866.766
971.1325
1213.646
1738.9823
1142.9648
323.762
242.87982
1322.543
854.71625
602.88684
1235.7977
304.3443
819.8016
1364.1782
767.75903
379.95352
1349.4471
456.12274
1005.9147
1018.48627
1306.2864
1091.7213
721.7085
900.74243
1647.0518
1091.5586
904.8636
2365.5693
264.8199
584.82544
427.167
696.9678
2212.339
1076.5472
1291.0963
1303.5194
1578.635
1869.7053
704.8502
1253.0967
1368.0204
888.5814
1126.5752
298.97125
223.89401
712.24817
1197.6796
2290.2979
1069.27
2258.0303
707.9305
1102.4365
1406.9652
1545.5441
519.59296
1132.4028
981.3406
1006.56067
1172.209
206.85849
344.93802
991.11145
868.58044
549.037
681.04974
1108.5676
1645.3936
1018.0844
661.6134
1169.7998
254.28857
1209.8386
730.1345
1448.5574
279.32544
1180.1387
510.58716
470.2262
517.9072
1248.6492
599.6821
1166.298
1011.566
1316.1687
1115.387
1629.4451
800.9181
561.8197
689.8015
1600.2435
792.655
1088.2332
270.51697
141.58235
1154.944
1121.8817
592.3882
611.51666
931.449
1331.8372
263.9331
760.7212
612.36694
620.9225
960.1241
521.5154
1021.9611
1686.5823
1286.7411
426.77817
396.62033
628.5576
1276.3148
1302.7476
304.1926
1527.9117
1240.0232
1334.5145
1142.2979
1171.241
1044.459
334.51184
528.2091
500.66797
529.2871
1019.39294
1161.4408
609.2723
769.2032
1176.3181
777.6085
2404.352
554.0393
595.09436
546.0693
1502.1116
1164.1382
847.3162
347.1811
1267.8809
734.56177
2081.483
957.4082
486.11823
1197.5983
810.8955
584.75073
1522.9904
848.58563
718.5431
540.5687
1010.9645
1391.5503
1433.7262
864.38226
514.45056
659.8781
1066.154
1019.7414
732.1068
395.4803
1993.5371
1025.6145
1194.1494
1099.7426
274.87723
989.0367
413.92786
361.43573
1117.1838
557.60504
98.267334
674.347
1489.2919
559.72675
440.73395
2418.3481
1094.9949
654.8751
1858.0468
591.91064
1091.8124
1349.7773
1027.374
249.9844
903.2129
866.4064
859.97833
1202.789
580.9585
672.9898
1622.9763
1050.9137
913.9828
1162.3352
1676.0867
2377.0193
1384.8362
1246.4918
1210.8602
964.5464
894.4605
1024.4624
541.0091
410.68982
904.89325
724.94574
217.0194
988.8922
1093.6971
514.84326
1212.1628
1197.2699
838.7737
694.2263
440.79553
803.577
823.98303
1144.642
733.3472
1181.5916
947.16693
868.73987
1237.2302
464.24152
1292.0415
1321.9438
426.00894
2245.1304
812.2125
721.9348
441.2965
1008.7355
778.1117
302.5221
547.4702
970.81744
1601.7056
1508.0444
980.8694
2142.9792
602.73376
557.21655
1420.6841
2321.5571
373.3542
2059.1604
1921.2649
458.0899
395.4091
1575.0792
657.3032
1404.5839
1063.4336
1530.1663
1408.6819
1553.0464
1133.9849
978.6732
920.1666
1473.9347
500.28476
530.5535
553.2346
1351.1907
529.12585
933.0801
400.95596
728.1874
1018.84314
621.4479
249.17781
1279.0197
1073.5945
1052.5309
1531.8616
585.59937
1364.9769
501.44522
636.015
378.50598
694.18854
438.2299
871.3257
506.28595
843.86017
1084.3447
1362.6973
874.7133
2153.2048
1146.4333
1228.5908
1253.0591
431.26443
340.42932
494.64792
648.22205
628.9182
253.98946
1306.0422
1548.4944
635.44165
524.6554
1230.3036
1462.4812
1171.7411
559.60474
1042.7518
480.03156
1548.7924
1162.6998
479.5284
234.09244
1222.9337
453.17328
1504.8079
1240.04
1425.5615
675.5016
257.00116
865.1318
1097.2979
1277.5144
852.6017
540.3762
645.2308
1204.1943
945.0969
1435.3938
1030.8665
429.7563
815.60626
656.28143
787.46497
1087.0509
747.62463
1104.5054
546.4789
510.40308
950.9498
619.01587
1321.5869
774.16614
1590.3954
1395.4966
743.5765
329.71408
1307.8091
425.82938
950.0364
439.11804
893.476
248.50473
782.9099
548.32056
918.0006
699.29724
1446.8892
1596.6423
253.63004
1105.4098
1249.6224
960.23505
534.5137
1034.9568
1519.6099
619.1197
444.18506
1017.1876
2239.1792
1889.5349
625.4834
826.27216
655.90405
778.1821
1219.4624
603.5946
1137.5865
1842.4348
1146.2285
1417.9094
504.5189
540.0294
896.46484
781.2731
640.98755
1359.0647
381.86407
764.70154
1493.1499
771.5715
433.5548
1480.0894
1493.8602
373.645
1157.7656
852.5113
1231.623
397.5078
1418.6641
594.13666
545.53784
1127.27
999.0515
1010.8959
1305.4727
421.475
593.9853
1390.3374
1029.2505
1259.6405
533.0387
435.7066
1436.9025
1746.3464
1749.7852
790.39185
132.27763
322.46805
919.29297
447.73087
391.9016
1057.0437
771.9308
490.43814
199.6824
745.0309
594.7801
1291.2094
1104.8882
1214.918
1268.4343
456.2969
1251.9069
982.2004
1174.2712
1134.1257
1130.537
1291.5898
723.8323
609.24365
898.11597
326.75992
2011.6171
250.09387
1013.70905
1192.8809
1226.0463
1135.7604
1259.0273
1008.6522
967.12726
1328.1747
1103.8428
1082.1412
609.64075
496.09814
1287.727
530.8745
1174.3574
1109.1171
1025.7239
546.3269
403.13614
393.92743
1019.44653
649.46594
1276.0845
1234.1008
1881.852
1026.2231
820.0366
644.45593
580.5856
554.1013
1087.5295
1148.5276
916.1014
1840.831
914.9534
1724.9182
2337.5532
540.05334
425.98364
863.74304
651.718
686.16064
1046.618
1473.5691
1289.0413
601.90356
860.6222
695.71936
597.758
1445.7241
1576.6642
1082.4247
1226.7738
650.041
590.54443
347.02454
1330.7021
