1293.7517
1025.8643
903.16907
1195.0116
593.50024
1290.9446
1129.3318
240.4282
1235.6084
728.53625
465.5628
885.90405
369.8294
1379.173
1270.939
993.2479
1348.6216
1190.2611
1530.6812
375.46198
2252.8933
1169.0913
372.24896
820.6649
537.9142
424.69943
1437.6571
1325.8909
865.0724
1161.5732
546.50336
463.43945
402.89023
461.47495
1382.1384
332.8887
1066.6189
582.7929
2112.8433
510.5253
790.17346
1513.7512
603.5301
387.35132
333.76392
453.63083
1180.6947
729.11194
561.6986
280.79507
664.05035
1464.9342
944.93384
1322.918
932.6993
802.02435
677.5778
1183.9675
488.31964
662.6883
1246.5028
341.47345
303.60498
1140.8484
1487.0038
1146.4824
402.67444
1076.5167
612.6454
1278.625
1162.6943
774.2674
1180.021
1230.829
918.77527
898.2522
774.13904
1095.7748
489.13177
1318.6575
825.9987
1335.0619
226.98273
1159.9375
761.035
1048.1256
883.18256
1116.2919
1012.6118
1120.1492
1353.6173
844.0813
1241.4043
2418.765
698.41626
1324.5223
613.01843
1168.5099
659.6783
703.38275
1450.4806
1105.3099
1208.5427
390.15247
1045.8407
1357.4319
839.3927
743.89325
2264.7886
2384.8213
1430.2377
498.8219
797.20764
283.2046
554.5641
404.78482
2309.144
1092.9816
1347.26
673.3783
366.5188
751.9151
1203.8538
1363.9243
1337.2979
1051.5565
394.76367
557.1199
2309.636
857.74207
671.2161
472.79254
1028.8611
2061.783
1228.5674
194.41943
1154.0481
614.6894
859.05426
1020.14606
1328.9513
1390.1097
481.23822
761.5508
820.7897
517.6262
842.94916
1121.5189
364.0592
1286.1113
2331.3472
924.06036
987.8688
413.37918
742.9986
1091.6763
1179.7299
1420.5627
906.2156
305.82816
1085.1914
1359.4049
787.99664
1079.8063
1108.4727
850.622
2392.1235
1482.3739
853.87036
730.87305
858.2895
371.58142
571.5975
557.63324
489.13965
1547.8939
1201.2482
510.24182
1209.3007
809.8555
1499.6196
577.0881
2551.9536
409.3758
2307.1008
1952.4324
1520.6068
2357.5989
413.3391
1395.019
855.3471
578.6636
1380.8304
1055.021
217.52316
360.88022
875.58374
360.90076
705.2458
1528.9758
1016.36786
1161.7593
1199.73
599.02576
305.13895
782.59106
628.2761
506.32776
391.3212
1073.65
899.1695
563.6362
422.85962
2247.1558
1435.0471
800.08765
413.8786
647.2321
1074.3334
692.3809
2195.6145
612.3465
2229.3054
249.24396
1309.8668
1254.2869
2212.6216
1432.3737
529.74
424.5683
1091.2324
212.8263
572.9242
1190.1255
1186.0984
1101.6008
772.9215
1101.8801
2367.616
946.06964
1122.7488
198.1795
2550.2915
1123.9197
935.38684
701.09265
1360.9104
1086.3386
920.447
1280.2827
1407.8502
824.58276
760.3862
552.07623
1207.3435
1038.1116
1456.472
1502.6659
1381.8926
1065.6929
1406.1028
1437.657
686.4165
411.37842
938.9635
1017.68726
1340.9233
1018.62524
839.5139
850.779
1106.3362
1618.9504
646.11066
1131.3588
546.31586
1330.6418
548.68384
1292.6785
1128.1505
1625.8491
423.3306
1135.8324
1239.3008
505.8844
518.3967
1129.511
531.3651
237.3317
812.0381
1156.2212
1756.8785
1373.2788
1015.7336
1125.4421
365.98468
1200.858
1276.2181
2262.3162
688.3815
259.76312
1025.4226
1367.6276
272.34528
447.13776
1072.107
1409.8142
764.3471
424.6146
351.48755
1360.869
1594.9087
677.7727
561.15686
2456.5452
985.3517
965.84424
1165.8984
860.20496
345.97937
352.64545
840.5049
1144.1646
979.02686
937.9542
343.8845
2438.583
601.6325
384.7506
1327.9672
907.7078
321.48383
1086.752
1521.8412
430.25665
1179.0802
1087.5293
1607.5026
963.3654
967.7451
929.2741
430.11145
1163.2876
1000.9623
358.78192
1111.9164
1327.3977
321.3576
611.7249
669.5668
914.10004
500.87762
602.0292
513.09314
621.63574
149.22383
399.4396
313.7895
746.2284
747.23096
618.5774
700.1425
376.01074
1402.0995
816.9822
268.63834
736.899
1585.7379
1111.2719
1386.3506
478.55484
308.88297
1063.1567
942.37585
987.89514
1275.2532
1124.4741
507.27368
1341.6498
158.2542
393.4524
1732.2351
779.65454
498.14203
215.47762
1432.5653
495.09845
859.1143
1220.7235
857.44727
1078.6853
574.4415
526.0768
1002.90137
1099.8772
726.59143
1033.7397
1638.8971
1072.7405
873.6796
1003.27295
628.5829
1505.877
909.14374
1493.6426
740.3679
426.15906
1324.0609
672.40344
958.28845
497.35483
339.88467
989.81256
808.9103
592.45416
1579.0054
390.84393
992.9074
936.463
454.82617
754.3027
784.33936
471.92432
392.99686
815.04663
1474.093
225.94458
1016.8539
470.5779
1051.5942
909.6847
820.78687
1064.5237
959.5089
1150.6069
1093.7424
859.6756
556.51355
720.5641
1521.169
1768.7831
882.8722
1328.2781
1070.8679
623.1544
541.8962
1375.5691
1393.1927
845.2636
1373.3835
1315.485
467.88947
753.02405
1392.1968
534.39355
931.9717
1236.721
1221.2404
636.1413
1230.551
491.94043
569.6524
1144.9458
629.6409
1204.5916
781.82745
1192.6143
393.82297
983.8753
1139.5967
1183.5964
689.06964
1331.5905
1081.79
1421.8562
1024.3403
1210.0955
429.9168
675.7325
475.1293
700.4143
448.72607
1280.0669
902.3391
1637.5992
599.21625
577.5789
719.10535
1252.1567
1243.932
837.3159
2143.372
588.61597
395.94653
758.6449
1150.0184
1167.9763
815.40967
439.5681
1205.9951
657.9678
602.985
1270.6653
1289.4078
989.60876
1438.0588
1133.3843
459.97873
461.8113
749.448
959.45483
1272.7654
1320.6365
494.51987
180.2157
457.1727
352.45157
1002.2661
1481.4966
343.16385
717.9916
824.9436
474.18518
1599.1838
860.17236
763.8584
1130.7593
1564.0778
421.99738
1146.9615
1119.3447
1267.011
621.24976
789.4964
418.62338
329.43466
384.66858
744.8706
1400.8483
568.1638
752.9673
736.68933
648.92725
1039.0706
2182.1047
698.4061
1098.3856
943.6251
2379.8228
501.3675
1468.7439
1446.6853
756.4481
1123.554
974.4555
975.4369
1293.0476
1060.8857
722.23773
2213.6978
570.04034
382.97745
1085.6927
572.5769
659.0029
1751.102
1554.2542
1321.0613
308.8064
1104.8622
255.9512
770.3865
1030.0139
1212.2511
667.9011
761.0304
891.1126
387.12457
331.07053
1192.8342
732.72156
434.978
1459.4363
1073.6613
1427.551
893.6948
677.4068
160.9792
637.3424
1508.7479
322.78323
373.81827
498.75275
575.9973
977.6494
1055.5697
687.6002
1299.693
1165.5674
159.40057
1004.49805
558.6821
1141.5835
638.5559
1243.9875
1091.2515
1341.6597
1142.2684
457.86993
798.52124
716.4011
1300.5697
1333.136
382.75867
1733.7443
353.35767
575.6161
1190.0015
906.05884
211.51872
813.67633
671.41455
1300.5215
538.45825
691.9001
1539.8066
1210.6006
207.33238
1211.3866
831.7688
1276.1567
520.933
1048.568
1287.6136
1276.4944
347.0913
1118.8591
1657.5304
570.20026
1194.9106
670.3984
737.52893
769.45337
689.1678
1377.8284
1154.6333
2394.147
927.5565
1971.663
1222.3782
732.62354
1595.8606
1110.6503
2105.5503
599.12
1131.832
1186.9763
759.78156
609.90717
651.45917
1492.6069
803.71875
1121.4426
467.32446
510.6059
1556.7649
497.53552
277.92236
894.0973
395.74536
1176.2014
189.92078
986.20483
870.6212
699.9043
668.128
266.99182
564.94934
281.36285
1026.0815
667.57635
1032.1793
460.81674
641.31525
1657.6299
1189.4143
1203.7015
583.56964
1102.9525
1231.175
1043.642
334.64
1112.95
333.842
383.46866
1047.653
1432.7518
2267.7075
1496.6929
478.90033
311.98007
915.9606
741.8791
931.33966
435.82178
308.0831
774.673
333.90646
1106.2885
1232.969
1166.0343
1147.3083
469.1316
834.8745
1290.5117
1587.9647
2152.6157
797.28516
612.0783
1032.8365
706.43665
784.2916
450.59055
787.287
1007.48254
793.90955
1046.5089
1549.8934
660.74335
578.91113
415.0257
1311.173
543.12744
506.9501
1012.3893
949.64026
890.17584
1267.1323
1101.373
1470.2808
1006.6366
980.4807
619.1801
579.2683
599.9723
1616.9841
632.73566
1530.2339
1222.9266
1856.8816
444.8617
537.7779
939.355
438.38043
1654.1926
571.8098
614.39465
1016.53186
1214.9039
637.7631
971.06287
1490.7952
723.69104
956.44305
1836.8162
697.4038
1182.6075
230.8192
1123.6677
475.70477
1459.2083
552.88196
677.0542
1394.9976
892.7857
1482.7844
1103.5441
1102.9012
960.12463
659.7844
1192.5981
467.92392
1471.8962
1047.5145
937.8917
343.0829
1010.5908
547.33167
468.23303
857.53876
842.874
268.3372
1253.8772
1053.9143
1105.8625
404.24335
606.0325
594.5351
488.84937
971.1945
748.5327
1228.1235
396.51578
1547.102
243.64871
792.64276
749.25385
616.2837
184.24216
758.6936
713.0029
688.3663
280.20773
646.8533
786.96387
439.38513
278.19495
354.8749
745.63074
1061.303
843.99927
990.9399
1387.1019
1365.6304
736.005
900.4547
1387.9028
1116.9001
911.59906
610.1084
986.96906
1332.6714
309.99158
609.15594
471.84464
2291.6345
1060.3562
1640.0978
661.1018
453.55493
1129.5292
1158.3254
658.3436
1058.1777
1123.7229
423.57898
844.35706
588.693
638.06714
329.41968
434.8903
788.1941
1437.7454
1113.1948
295.4384
608.681
1269.4111
1179.6287
494.39
399.49976
839.8205
586.0233
608.26074
1122.1814
1183.7938
167.84317
1205.2871
958.9524
1472.1509
1021.5215
796.5511
1536.0234
1246.4469
1339.0905
682.63885
843.23694
769.9304
773.7925
1221.0476
1406.2649
1188.5509
1337.5344
1118.2529
1089.5334
533.9754
461.13266
1501.7764
395.34155
751.34717
661.3878
1210.1011
210.8671
697.1116
1744.3914
1341.3862
1198.1597
349.27115
1219.8132
475.88623
390.00815
1246.6274
1774.5944
684.9331
1000.23816
977.9767
2012.5465
1050.0065
1371.3118
664.51746
1310.6453
1427.3103
1231.6787
1253.2185
574.5651
1231.2556
1224.4558
1273.0885
1067.9474
1062.2877
1157.4651
860.4139
642.3166
456.46054
650.65735
829.44104
873.1437
1325.6847
678.3633
1154.0486
1020.06055
1130.3799
585.89014
707.35754
762.34265
519.3418
2305.856
551.2544
1662.335
2292.5894
689.57764
669.64417
2165.1646
1018.3601
766.3854
1987.298
485.1679
864.3725
1069.876
869.22107
238.12408
497.34967
1153.0964
2442.245
463.23132
516.81696
1436.8335
1543.557
638.61285
343.83478
1431.041
1283.085
935.2995
1146.7424
1251.8704
1447.6487
1151.9146
357.84253
1048.187
1224.5857
240.64725
363.2144
338.27393
1460.3464
502.77008
974.22327
1000.70764
432.5796
1533.5645
411.6939
715.7716
1019.1968
1211.0912
1292.6462
1217.3123
799.34216
480.69797
726.79724
1433.8066
540.1482
468.68878
497.32486
1213.4795
497.03876
1263.1696
808.8756
1072.1605
1227.8171
517.7727
1503.6951
545.3521
326.4118
1249.1396
349.72644
1496.2496
806.83746
1460.6279
367.81854
1059.6937
1211.0393
1022.3168
603.2563
1475.6543
1138.5454
1463.9868
1357.4587
1282.5293
354.7547
2201.634
475.5313
477.29718
1227.147
841.3895
1122.7227
1682.7312
1068.3818
1404.2981
2138.9
1410.4108
615.3815
1378.9211
908.5536
467.61932
357.29327
845.4623
839.8661
1506.9756
1041.7148
535.1476
867.74
589.9733
1149.4807
1114.531
1036.7732
508.29578
414.6597
1051.7872
802.3368
440.51923
1318.4972
741.28613
423.73288
1318.418
964.1631
853.42285
449.60452
857.4493
647.7544
446.72894
821.557
935.8737
757.4724
2378.8828
821.3332
985.6152
1334.2549
1083.7406
542.2495
1165.3424
1100.0872
1272.2898
900.1811
334.28702
336.48468
1592.3167
1383.2883
1043.9707
943.7517
792.76404
1046.3035
1226.6377
1200.3405
1181.6394
1453.0905
518.72626
1199.4038
277.1796
834.5498
294.7611
477.17105
653.94366
1245.8612
1208.4148
1429.9332
1147.9062
1343.8518
394.38385
696.0492
864.89154
1164.6683
482.8389
1008.0989
949.7821
490.07593
1257.6475
1255.9116
2293.1536
503.8086
960.655
373.32693
1291.6565
1205.6554
1169.1873
1519.0571
2260.475
1445.2625
408.34982
1414.8197
526.63214
882.5497
472.76733
766.6382
1208.9207
779.9114
553.77856
898.9996
433.07452
1273.1982
2298.3135
862.1865
2279.7378
1350.4495
1376.5109
560.6998
1381.1875
568.5643
483.50598
1308.7634
793.84204
530.2095
286.00934
1244.1702
778.08484
626.11487
927.0236
262.58185
462.11304
1108.4238
311.6683
837.1544
1057.5237
1479.9607
983.1843
725.2213
329.58444
1341.891
1935.2239
584.9429
1063.7357
1431.5425
398.914
850.0155
199.15964
315.24768
970.36127
871.8043
1811.9796
1822.1771
1330.9705
592.6781
336.4976
613.8603
873.6398
1059.5149
476.98383
390.66254
350.81122
1038.5789
545.25476
1167.1738
1443.6633
713.02814
666.3754
794.0497
1094.1119
408.0415
674.0734
950.2726
1513.2483
307.49564
1474.536
1295.8018
1367.0941
535.29834
1259.2854
1265.0281
1212.1707
98.94339
734.2213
471.28592
682.89825
545.60803
1066.1226
1372.3508
1544.1633
514.22217
740.13257
837.52954
510.50827
2502.7588
564.4653
649.37134
634.26733
877.30396
408.38806
713.4273
705.19714
838.3573
569.1188
1050.0886
255.9682
826.8407
1001.788
488.33365
425.92993
1090.5903
715.07715
1145.8921
1558.9275
1811.6826
538.1248
561.50323
917.69604
723.5834
873.7168
1186.4391
2093.4507
1798.9384
2403.827
646.1842
912.9352
1035.5027
908.5692
441.12152
970.6565
625.1525
829.00806
589.9495
666.081
316.35757
917.8537
531.0172
1275.468
972.90894
1495.7758
304.8327
942.047
696.77386
758.46173
1131.4146
1247.2056
1444.9362
1198.0809
1032.8838
1201.7863
1428.9214
1139.667
1186.8597
864.427
1103.9032
1092.3115
793.00586
388.8376
1245.8975
740.4579
622.88354
1024.4021
1262.8818
355.49884
596.7969
1433.4336
455.59045
1487.8649
508.61542
1617.3351
965.7867
1304.7327
2216.9097
520.91797
1604.9324
820.138
1656.1857
2078.6262
1217.0305
946.04584
487.4016
472.74127
1261.6565
360.54285
2283.8118
487.13327
593.4814
834.88617
962.30835
617.08527
530.16797
372.0039
1267.0984
1205.2042
385.70038
1589.2865
1328.468
111.60655
603.11127
1013.5117
2470.838
304.1728
829.93945
1485.4949
545.66516
1227.6956
1267.6522
2347.7173
2299.4468
1233.6816
672.0112
710.1251
1413.1725
569.89233
1168.4329
1067.0833
1303.4365
528.60046
1145.3462
1505.3157
949.37067
1152.5662
481.24252
411.8307
721.58704
1009.2108
256.06592
1487.6907
882.9259
741.02124
704.8595
1594.7717
702.06976
247.83818
684.23224
159.8949
468.98984
341.1738
1027.2227
997.27966
383.20465
718.8517
1020.1423
367.27774
1479.3348
561.4554
887.25867
887.9989
696.0876
331.62244
1201.3411
1069.1847
467.36414
750.651
699.8839
1127.6848
922.82227
1334.9407
816.85986
1190.4799
327.5025
973.4131
996.4401
222.34161
830.88
612.1968
449.51984
1472.9548
1433.7946
423.98462
1231.1125
1289.4197
846.0577
963.6698
1062.4553
588.7871
557.91296
448.00595
1382.3186
767.71844
671.6102
643.90857
1521.9106
630.7475
523.1907
931.2807
984.6037
286.3111
1093.4537
1251.2412
1049.4779
1590.5446
1367.1044
1515.138
322.08008
1093.2347
388.03903
468.91238
1222.6484
1353.4995
680.59344
646.23596
493.39026
1756.9966
954.46936
596.2832
491.66898
945.9646
1386.2894
719.09625
1147.8632
411.56427
642.87006
405.07373
305.10068
734.9739
1440.8127
398.7613
398.83032
1240.8663
600.17126
434.0862
654.4928
681.03656
1030.1785
1075.3759
1143.298
2149.0774
426.49915
1590.9952
950.7212
474.4413
1215.2808
1194.9543
704.5388
360.63913
1224.4495
1163.9841
1111.0038
550.51
473.05115
329.37256
949.61847
457.1859
1217.0306
479.26447
797.6926
776.1998
1617.4438
1070.0939
491.29352
1038.8024
1557.5194
1482.139
1912.3413
1588.7283
1203.4983
999.2675
167.20137
1436.6956
355.9178
1178.3821
1320.9933
651.0345
910.29016
726.0481
538.5781
1036.9108
2081.072
392.5646
633.6497
1157.4407
1030.7117
1636.5118
1310.8615
754.1903
882.6263
275.8088
474.06982
1190.9988
868.0709
971.13
1214.7466
1738.9435
1142.4138
324.7558
244.24771
1323.5396
855.8092
604.58484
1235.9358
305.1163
821.12866
1365.4272
769.4482
381.04352
1349.6189
457.03613
1007.26526
1019.9368
1307.2969
1092.7909
723.0554
901.9465
1648.7183
1092.8394
905.97296
2365.0667
265.95303
586.0912
428.24078
698.15216
2211.4487
1078.0236
1292.3018
1303.446
1579.5833
1870.614
706.1067
1254.2346
1368.346
889.7668
1126.5094
300.8944
225.49612
713.65894
1198.2803
2291.9216
1069.4026
2258.6943
709.57526
1102.3553
1407.0852
1547.003
520.9199
1132.2751
981.47235
1009.13934
1173.1279
208.49698
345.05392
992.1863
868.7952
550.02344
681.87256
1108.4314
1645.3467
1019.14294
663.2091
1170.9469
255.54306
1210.7908
731.8605
1449.4545
279.26736
1180.5835
511.70743
470.13153
519.23206
1250.2126
600.6973
1166.0914
1012.9363
1318.1047
1115.3734
1631.5969
802.40686
561.95764
690.5498
1599.9802
794.23303
1088.2809
270.3139
143.06111
1155.5463
1123.5692
593.386
612.98706
932.39557
1332.2625
265.04733
762.3596
613.3871
622.87524
961.53735
523.1776
1022.9726
1686.6721
1286.8091
428.3245
398.24487
628.4984
1276.2627
1303.9205
305.22693
1528.7421
1241.6904
1334.24
1143.5894
1172.2773
1044.6418
335.31134
528.1788
502.17902
531.26886
1019.7799
1162.5774
611.0738
770.6131
1177.4524
778.77625
2405.2554
555.04065
596.485
547.67584
1501.5593
1164.01
848.61694
348.56958
1268.0447
734.70337
2082.0815
957.3328
487.0443
1197.7811
810.6288
585.6286
1524.9042
848.73975
718.5709
542.15625
1010.88184
1393.1383
1434.6746
866.35114
515.24207
661.1534
1066.3052
1021.2148
733.61346
396.6774
1993.4519
1026.8435
1193.9896
1101.135
275.98724
989.0725
415.65094
362.61472
1117.1432
557.3922
100.197685
674.27325
1489.9495
559.66833
442.50635
2419.724
1096.1062
656.0218
1858.5211
592.9204
1091.4835
1351.006
1028.5317
250.02596
904.06384
866.64417
861.36975
1202.7754
581.02136
674.1972
1624.7324
1052.2228
915.37836
1164.2297
1677.0232
2375.9346
1386.7408
1246.7104
1211.1046
966.04
895.6837
1024.1517
542.45044
411.63376
906.3602
725.96094
219.07574
989.35187
1094.4517
516.08
1212.0159
1196.6978
840.5248
695.26733
442.1286
803.5902
824.4879
1144.6743
734.2823
1182.2534
947.8564
868.7541
1237.2808
465.4926
1292.5526
1323.1748
427.33728
2244.4316
812.3445
723.5142
442.3437
1008.66016
778.21643
302.47803
548.26227
971.0152
1603.6248
1509.25
982.78503
2144.4634
603.2103
558.4273
1421.0842
2321.5503
374.36987
2059.6206
1922.2202
459.52295
396.97656
1575.2667
657.156
1406.0895
1064.3502
1530.291
1408.8566
1554.9526
1135.0135
980.02075
920.05725
1473.9875
500.3744
530.6709
554.35693
1350.8633
530.0281
934.4958
402.27524
729.76733
1020.4654
621.54736
250.43294
1280.5051
1073.5414
1052.4741
1532.2362
587.2611
1364.7958
502.8463
637.9607
380.0098
696.01465
439.29633
873.22314
507.26254
843.7939
1084.235
1363.4647
875.202
2153.5264
1147.1794
1228.7563
1253.5563
432.4903
341.5584
496.02896
648.3104
629.47046
255.24985
1306.0349
1549.4038
636.521
526.07776
1230.3207
1462.1848
1171.5944
561.16394
1042.7684
481.63803
1548.843
1162.1202
480.6485
235.36429
1222.8865
453.2675
1505.156
1240.835
1425.6084
676.99713
257.05408
866.0714
1097.6301
1278.6317
853.55786
541.4286
647.62256
1204.4877
945.4204
1435.9961
1030.89
430.85464
816.80896
656.34015
788.14526
1087.8402
748.9686
1104.6855
546.70654
511.19113
952.04095
620.0926
1323.0312
774.96796
1590.5615
1397.127
744.60864
331.1892
1308.1982
426.51263
951.2446
439.02695
894.895
249.61241
783.84094
549.9021
919.2525
699.44275
1447.5562
1598.6497
253.57938
1105.8326
1249.6984
961.5006
536.2721
1034.8242
1519.955
619.9722
444.11743
1019.00037
2238.8037
1889.1821
626.50854
827.6188
657.03827
779.4497
1220.777
603.62665
1137.7539
1843.6453
1147.0303
1418.0927
506.0428
540.3181
897.4897
782.6409
641.905
1358.981
383.16006
766.2622
1493.679
773.174
434.77975
1480.0264
1495.1244
375.23468
1157.7122
853.44745
1233.0814
398.906
1420.0498
595.13086
546.7714
1128.1974
999.1217
1011.85126
1306.9824
423.35333
595.6533
1391.356
1030.4069
1261.122
533.94495
436.4606
1436.7017
1746.6179
1750.4456
791.1693
133.59483
322.7561
919.23773
448.78125
393.31067
1058.1235
773.5842
492.5113
200.9133
746.16064
595.9253
1291.3221
1106.0742
1215.7493
1269.2162
457.40692
1251.7278
983.5846
1174.125
1135.2798
1130.7764
1291.9885
724.77246
610.7376
898.13837
328.43756
2011.7542
250.30539
1014.6638
1192.7034
1226.094
1135.5591
1258.9991
1010.03
968.28827
1328.1875
1104.9797
1083.2334
610.5858
496.18253
1288.8723
531.7129
1175.4999
1110.6127
1027.0178
547.2171
404.35983
395.3531
1019.4796
650.42847
1275.7317
1234.3196
1881.9497
1027.0826
821.7394
645.2997
580.3967
554.91797
1087.5127
1148.7157
916.05786
1840.8751
915.9453
1726.4768
2337.3433
540.89685
427.36923
864.79956
653.0316
687.01276
1046.6522
1474.5922
1289.1971
602.4722
861.11584
696.25574
599.2196
1445.7784
1578.3158
1083.9485
1226.4661
651.4705
592.06696
348.33957
1330.9321
