1287.198
1021.57886
902.10876
1193.5824
592.683
1284.6798
1129.1296
235.17749
1230.8392
717.0277
456.55078
878.2555
364.62598
1379.2788
1265.469
992.7969
1348.5706
1182.9279
1525.0178
370.49817
2251.6055
1160.9862
363.40326
816.0764
534.02545
422.13687
1437.2887
1324.5088
858.6073
1154.6587
541.1293
462.2959
397.7068
457.73126
1375.0721
324.47604
1060.0938
581.92694
2113.5828
502.60608
782.93115
1513.6091
595.40155
381.0138
327.6937
444.59973
1174.8923
728.5563
561.16565
274.39282
655.3467
1462.5731
937.1234
1315.5579
927.3552
794.5033
670.9805
1183.3
482.79346
652.9153
1238.1489
336.5315
302.05304
1135.0286
1485.6167
1144.8335
396.30994
1069.5895
603.94324
1275.5631
1162.8461
765.97534
1174.8555
1223.755
912.79175
897.45935
768.3733
1094.1002
488.6571
1313.8704
816.21234
1326.0253
219.09663
1158.6719
753.3171
1041.5696
875.1093
1114.6509
1006.4387
1114.2659
1353.7708
843.6511
1237.7544
2419.4014
689.3993
1317.9019
607.807
1163.3102
656.4587
697.86194
1449.1924
1101.0516
1204.7582
381.4223
1044.679
1351.5222
830.9243
736.8757
2258.5557
2380.9973
1428.3525
497.82956
793.75757
278.22397
554.36035
395.89886
2304.1274
1086.618
1340.9055
671.3622
360.1229
749.9022
1204.951
1363.4816
1337.2458
1046.5684
387.6065
552.55945
2308.7844
854.36316
662.1483
466.5724
1020.40216
2061.2266
1224.9241
187.39699
1146.3013
614.9276
858.6758
1011.3988
1328.7412
1387.5869
476.7729
755.021
813.16315
510.37103
834.24274
1116.2275
363.34204
1285.555
2333.8284
916.92535
982.67334
406.41745
742.25
1087.5242
1175.3687
1420.7281
899.1106
304.50586
1079.7157
1354.7509
782.2532
1077.6295
1099.0214
842.84814
2387.9675
1477.1316
845.7877
724.8469
852.4816
363.9762
564.6001
549.60455
485.47278
1544.9246
1203.0808
503.57428
1200.2692
803.6846
1495.0918
576.46606
2551.4346
400.79346
2323.6128
1951.1665
1516.7117
2357.6396
407.59747
1389.1111
851.1373
571.01416
1380.5396
1049.0571
211.88107
353.39517
868.79205
352.74176
697.2084
1521.5283
1014.76227
1162.1385
1193.6705
593.7459
299.41492
776.9581
625.9388
498.61627
383.887
1073.3503
899.19183
556.7037
422.0814
2246.9414
1433.7036
794.2511
408.09058
643.56433
1066.3761
690.60443
2187.391
604.4226
2225.726
243.8653
1301.9763
1254.6862
2205.2456
1425.468
520.4577
418.07452
1083.5552
207.41293
571.5143
1180.6079
1182.9314
1101.0564
764.623
1095.9635
2362.4482
939.96204
1115.1517
191.39752
2549.693
1123.2622
928.48065
700.0822
1360.2004
1083.0156
921.047
1279.3376
1407.4122
819.17456
749.8962
551.06287
1203.9492
1028.7515
1454.5243
1502.6326
1380.3624
1059.4395
1404.6799
1437.2677
676.57214
408.66516
933.16077
1015.96216
1340.1514
1018.3307
834.6762
843.9469
1095.2748
1610.2557
642.62115
1125.0493
540.41064
1329.3511
541.3854
1291.2635
1126.1262
1624.5161
417.6891
1131.9108
1240.4857
499.5439
513.3272
1127.6001
519.4781
232.02322
812.2219
1155.0681
1748.4231
1371.655
1009.1522
1124.654
359.50275
1195.9747
1274.6729
2262.9158
682.42993
249.59985
1021.5436
1367.2244
263.32504
440.0556
1071.3796
1402.6587
755.9574
423.74066
342.72223
1356.1997
1594.7152
669.052
558.12805
2455.8813
976.67847
966.1958
1161.9106
857.52844
334.74292
340.55115
835.8572
1134.6174
973.363
933.2114
338.4768
2436.9805
595.3823
373.28754
1318.8993
904.91223
315.06506
1080.5144
1522.5869
429.56128
1174.7896
1083.4569
1598.3494
956.15686
968.44196
923.0215
428.52924
1163.1235
1001.5944
351.65466
1110.5034
1326.438
314.3534
607.42957
663.6687
908.4861
493.45233
598.0789
505.602
616.6604
141.26083
395.21564
305.2586
745.00226
740.6719
612.6946
693.8903
371.43652
1400.4443
813.2696
261.97293
728.6089
1579.1537
1109.9658
1385.5989
472.8345
298.64655
1062.9658
934.9696
986.40265
1277.4247
1119.4424
506.35455
1332.1573
148.54666
383.24286
1732.6248
772.9605
491.28284
204.77357
1430.1245
486.82904
850.2434
1220.3486
857.3467
1072.5663
568.1981
521.84863
998.1324
1099.5405
719.89795
1027.894
1630.3105
1071.5232
867.4103
998.3882
620.6943
1504.2919
908.20166
1493.4933
734.7499
420.06653
1316.4058
670.83716
949.4606
488.17984
333.37018
987.61127
805.8029
589.5893
1589.4993
384.9188
990.10596
935.4842
448.18097
746.84766
777.94714
463.512
383.61713
806.4868
1467.9658
217.5677
1016.34906
462.48016
1042.909
904.5387
819.29016
1058.7933
953.94604
1144.4291
1092.4
858.8313
551.58203
714.76624
1520.438
1767.4318
877.4184
1325.7526
1064.3124
615.6215
537.58875
1367.6306
1390.9075
839.6363
1373.8313
1311.7954
460.788
742.3728
1384.7114
527.7109
924.7844
1228.5728
1220.0317
628.2868
1224.5948
488.04327
556.5264
1145.8418
618.63574
1203.9861
777.65796
1192.6356
388.4829
977.85095
1137.476
1184.367
686.10693
1329.8318
1077.4473
1413.1223
1021.77045
1204.2471
423.61743
673.5001
468.0689
693.9773
447.4555
1271.5372
894.7362
1636.0103
588.27856
572.7385
718.4179
1248.7906
1243.9554
829.27905
2143.6006
587.9172
387.8777
757.33093
1149.7252
1157.3596
812.2565
435.19278
1200.6174
645.6148
600.7527
1260.6027
1287.8447
985.6533
1436.3756
1127.5399
455.6512
454.8713
744.95874
958.50073
1269.0139
1316.0146
492.1255
174.91599
448.37683
351.6536
1002.41455
1478.1516
332.48962
716.9635
816.87854
470.51782
1597.7368
853.0756
757.91455
1123.7241
1557.9194
415.0813
1146.5032
1110.593
1267.0005
619.3346
780.25867
411.22647
321.3128
380.82825
736.7363
1393.2529
559.964
748.16205
732.2256
642.0166
1039.9103
2182.254
688.1501
1096.5034
938.10144
2391.859
493.23395
1461.5908
1446.5171
755.5149
1124.3441
973.6472
970.5062
1284.7083
1058.014
717.0907
2213.2964
568.3664
377.80353
1080.4124
566.1427
657.0601
1740.6752
1547.1295
1313.6921
300.9426
1098.2632
248.93127
763.5749
1030.0369
1205.2092
661.90466
755.05774
882.0866
382.50543
323.71613
1190.7865
729.27783
427.5047
1456.488
1071.6724
1426.887
887.8817
676.49365
152.60138
630.2175
1508.3469
321.4329
363.63965
492.30536
571.43677
977.5421
1055.1025
682.05347
1291.0936
1163.4705
150.78613
998.9928
551.09033
1131.2439
631.90137
1241.0063
1088.3353
1343.2727
1141.1
450.12445
792.162
708.65875
1300.7665
1332.3804
377.41898
1724.5078
344.107
570.4063
1189.9872
900.4211
204.99124
806.9182
667.2374
1299.8589
531.31116
686.4353
1537.6259
1210.2549
199.24854
1210.369
826.57275
1277.5796
517.22064
1041.3256
1282.1193
1277.1285
338.85287
1112.6938
1658.1768
563.42267
1190.3857
665.4306
730.71814
763.8838
685.3542
1376.7351
1147.1666
2388.738
924.1083
1971.5966
1218.2004
728.66064
1586.9105
1110.0278
2097.5566
593.71985
1131.6929
1186.0449
758.98035
606.4636
645.6001
1485.7488
802.32336
1120.7002
462.0603
507.92102
1557.2235
493.95792
273.91345
891.53345
391.8696
1168.2101
180.77309
979.83765
862.9866
691.75793
661.8707
258.7812
557.0982
274.47906
1025.3713
663.4269
1026.3243
452.01575
634.3629
1649.6814
1181.2297
1198.8147
572.7898
1100.417
1230.2778
1039.3141
327.15515
1103.3923
326.04816
379.07986
1042.6289
1432.2601
2264.2834
1487.6902
475.19446
307.0728
915.666
734.8396
923.9891
435.06464
300.40637
766.515
327.96194
1103.9984
1231.3088
1162.847
1147.0496
463.3169
830.113
1286.3528
1586.6135
2152.7979
797.38184
603.557
1034.6807
699.2332
776.2506
447.32922
783.2407
1001.602
787.02637
1045.7719
1550.385
654.7371
572.0794
406.11325
1309.3436
537.12256
500.98376
1003.15515
944.9707
884.09094
1261.7585
1101.3723
1462.7283
999.5528
980.2707
619.2651
572.61554
596.55066
1606.5125
632.8529
1524.0946
1223.4922
1845.1664
440.71735
530.93146
934.89514
437.82755
1653.9292
566.12256
611.1675
1014.0255
1212.7863
636.38416
965.3023
1489.9012
719.0093
948.1784
1830.1405
692.0255
1182.6757
222.33931
1116.8872
467.89233
1458.2595
544.83167
674.48364
1393.7854
888.56354
1476.9583
1097.4272
1100.4893
952.56665
654.15405
1191.7413
461.88474
1465.6517
1043.608
930.41785
340.60507
1006.08594
540.5658
463.71906
847.4958
843.0867
260.63397
1249.3131
1055.7374
1097.8079
398.01617
599.03986
589.2861
480.9212
965.5506
741.8025
1221.3705
387.805
1545.8079
239.46332
791.74097
742.11725
609.11865
176.7282
753.9854
705.671
682.43335
274.7019
640.8929
786.1267
431.52094
274.81284
345.69736
740.20166
1054.3594
836.5293
982.43115
1381.2291
1362.724
729.4099
899.658
1386.5328
1108.1572
904.54675
605.11536
985.7966
1329.1729
306.14795
599.927
465.05383
2290.323
1059.605
1638.5916
654.8669
447.43866
1125.2549
1156.5872
652.74677
1056.6453
1114.7225
415.59235
842.5064
582.2488
631.69763
322.09406
427.56876
781.94574
1434.5961
1103.3958
287.01404
608.0353
1260.8512
1177.9119
484.00122
392.23035
839.37195
580.78735
602.2154
1121.9984
1183.5707
159.98903
1201.7836
950.6003
1472.1216
1014.16064
789.93384
1531.4767
1245.601
1333.9285
676.66095
837.47797
762.16846
766.1587
1221.9847
1397.3646
1187.262
1334.3517
1111.6918
1089.1287
526.53723
454.7883
1497.9779
387.971
749.7338
656.7128
1209.8862
202.41064
688.8445
1735.4288
1340.5139
1195.2424
342.36798
1219.6921
475.21912
383.61877
1238.3877
1773.2744
685.9634
992.22565
976.735
2010.835
1044.5613
1370.7644
657.38947
1302.658
1435.5343
1231.2638
1251.3853
567.4769
1229.8463
1215.7548
1271.4724
1065.0654
1058.5826
1158.3162
857.0515
640.8396
449.16553
649.67004
825.6476
866.5575
1319.9832
670.82336
1153.7917
1011.32764
1123.4915
578.56915
705.37524
755.0472
511.8009
2304.559
542.6814
1661.5278
2289.207
688.2976
661.7686
2163.7368
1014.5771
765.96686
1989.6202
484.06836
858.0065
1065.592
860.9802
232.93336
493.01904
1151.0173
2442.0964
461.84598
509.29944
1438.3434
1543.0117
633.3507
340.1503
1430.2925
1284.119
933.3169
1140.4834
1247.7098
1447.2211
1151.6249
357.34167
1043.4587
1220.3661
232.86067
358.7783
337.18073
1459.1656
495.71387
967.39795
1000.0807
422.5254
1530.6709
403.81567
707.4966
1010.62976
1211.4249
1285.8107
1208.8275
794.34845
474.6313
719.9376
1434.1733
539.31824
467.51862
489.36914
1204.0571
490.488
1257.9075
802.7617
1072.8367
1227.3416
511.0973
1500.3994
544.28455
317.26434
1247.2399
345.6651
1496.5039
798.2303
1456.9474
361.922
1058.8083
1211.1854
1019.9385
601.9627
1466.8414
1138.0665
1459.481
1351.1477
1280.386
349.86465
2201.94
475.14148
473.2018
1219.8367
833.4768
1119.6201
1682.2909
1067.8848
1402.6569
2138.4277
1409.263
609.87585
1379.0591
899.4752
459.3459
351.61536
837.55066
830.7136
1505.1321
1036.3893
534.3187
860.05176
586.3935
1148.6449
1114.0125
1035.5244
502.04572
410.18716
1046.7505
795.24915
434.24612
1318.0386
732.4934
421.39276
1315.1929
960.0759
846.68945
441.20102
853.66846
640.3893
437.93784
815.91144
934.7106
751.99805
2379.725
820.0585
977.8678
1327.9578
1082.6289
536.89026
1158.8497
1099.3807
1274.5746
893.4596
328.85043
328.36176
1594.3041
1375.4783
1042.9453
935.62067
784.4704
1037.5876
1226.3689
1193.9377
1180.1016
1445.5498
514.27356
1195.1696
269.9072
829.328
288.09695
471.78558
645.446
1245.1089
1208.439
1428.3827
1148.1157
1341.4178
387.2186
689.7605
864.9125
1164.8228
475.58337
999.0385
948.4973
481.95883
1253.3296
1249.2825
2284.6191
498.9929
953.8629
372.69623
1291.312
1200.3469
1168.1184
1519.6735
2259.7488
1440.3936
404.75418
1415.6066
522.49005
878.5487
470.26093
756.4652
1208.2769
771.40906
549.0555
890.76404
429.62054
1273.0564
2291.0947
857.822
2277.4348
1349.7035
1375.864
550.03265
1373.2388
566.9374
477.33563
1307.9279
793.91376
529.0897
281.87033
1236.3193
772.0684
616.0133
925.7694
256.24893
455.64957
1109.0713
304.12796
830.02606
1056.2943
1472.8696
975.52386
724.39233
320.5855
1342.9503
1936.3408
579.09546
1057.4713
1430.3918
390.04065
845.265
194.5191
307.5263
971.1587
864.9557
1809.0781
1821.6053
1331.7096
585.88354
329.50064
612.48
866.6622
1054.4113
471.61407
387.75745
345.8142
1034.2777
542.25745
1166.9473
1444.3641
706.9812
661.628
790.8569
1093.2368
404.07132
667.11945
948.5376
1507.0483
303.06848
1476.0651
1288.3273
1360.3494
530.35986
1258.3003
1264.9838
1204.6769
92.83217
727.5574
463.09503
672.9722
543.9891
1065.4268
1369.4678
1537.3833
508.39362
735.2333
835.66205
505.66815
2496.6675
562.59076
642.89233
627.97186
876.0731
400.5622
707.3767
700.36127
832.3624
560.0956
1048.3557
247.77086
821.6913
997.3674
481.25647
417.45627
1084.7397
708.45496
1145.4065
1551.6901
1799.5172
531.2138
552.61774
916.7653
719.8164
865.0575
1182.9135
2095.3115
1792.2577
2396.9802
645.6093
907.887
1031.1396
901.1518
435.76376
963.92944
623.9863
821.03455
585.78827
661.75
307.546
909.69366
521.1453
1274.9592
972.40356
1495.8661
298.04724
938.281
696.372
757.3892
1125.7284
1245.5967
1444.7563
1194.1737
1026.3805
1196.561
1427.662
1132.4357
1186.7745
863.88947
1102.9221
1087.6882
790.546
382.93475
1244.1216
735.6212
616.4277
1022.8147
1262.5259
348.45065
589.4043
1433.9856
446.6203
1486.9309
500.70322
1616.3511
958.7114
1303.7642
2215.4058
513.6599
1602.0585
813.895
1647.7297
2077.567
1213.9746
939.18207
480.93524
472.61792
1259.7727
359.74747
2282.8472
482.745
583.99976
834.0449
957.7218
611.24036
529.5935
366.4527
1264.9712
1204.2625
383.20325
1587.7789
1320.9038
105.15887
597.44293
1012.41614
2465.0854
296.20367
822.32635
1479.2406
541.57056
1225.8955
1260.8052
2340.998
2295.2346
1232.8739
665.88806
706.1731
1417.8699
564.1879
1167.928
1066.1093
1303.5737
526.8989
1145.0709
1500.2131
948.2699
1149.217
472.19858
403.07867
714.20844
1002.8187
251.01073
1486.5221
874.70557
733.4203
700.70306
1586.4927
701.78906
240.81549
677.0375
153.9732
462.35507
332.95428
1022.8946
997.38635
378.15417
715.2146
1016.92487
360.0513
1477.0527
557.81665
883.31714
881.40576
692.3331
322.3907
1193.8337
1070.4753
461.78802
743.90765
693.54926
1122.8997
915.66254
1332.4967
811.27576
1189.7905
325.57788
971.3148
989.66486
214.1
829.80493
608.682
443.06613
1472.6061
1428.7302
415.51236
1230.7141
1283.8905
844.73975
954.39954
1063.9369
581.9982
557.13873
439.98196
1382.9331
762.1721
671.3256
638.06085
1521.6116
630.1385
522.1396
923.96893
986.589
277.7218
1087.3021
1248.5151
1049.8291
1584.7522
1361.0482
1510.8948
316.58646
1083.7954
382.2019
461.05328
1223.983
1346.9058
672.1697
641.1282
487.29156
1756.4231
948.7368
589.7545
490.7088
937.9381
1385.0964
718.5237
1147.8452
406.31055
632.0256
401.2423
300.83893
729.85657
1436.9792
393.23215
389.38086
1237.1857
599.31934
425.4532
650.1099
676.2747
1025.165
1076.4604
1143.3773
2160.708
420.1584
1589.8357
946.10876
472.31866
1214.1562
1193.7078
693.70325
353.56708
1215.7462
1161.8363
1107.3489
542.698
466.9267
328.3627
948.2085
448.8566
1216.562
473.66672
789.6043
767.567
1616.669
1069.1733
484.5497
1038.4323
1547.9868
1481.6094
1906.1906
1583.308
1194.9575
998.66644
159.96307
1431.4713
350.5327
1172.4156
1321.342
645.29047
909.7283
725.42334
533.709
1036.2825
2083.4316
387.91187
624.2748
1147.9741
1025.506
1629.9895
1310.7037
747.47235
875.5917
269.8072
464.28247
1190.5396
861.1449
970.37714
1208.0092
1738.1267
1141.4377
319.13916
236.90579
1318.3994
849.31744
595.9272
1234.7899
300.96585
814.1685
1358.0609
761.4347
376.45453
1348.8643
451.50348
999.0991
1012.1574
1301.7695
1086.6116
718.1434
897.1117
1639.9879
1088.1462
898.3158
2365.946
260.90155
579.9837
424.14563
692.525
2213.0679
1069.0265
1287.9672
1303.4924
1574.2253
1863.9729
699.0853
1249.3904
1367.5647
882.39154
1127.963
288.65073
218.19623
707.28784
1193.0236
2285.6912
1068.7708
2258.6187
700.621
1101.3604
1406.4487
1539.3909
513.6781
1132.988
979.6042
999.06726
1168.4299
199.37473
343.11725
983.7666
867.77905
545.68353
677.30383
1108.844
1644.9426
1013.159
654.7583
1165.481
247.627
1206.3123
722.5674
1447.2911
278.75128
1176.2942
506.85504
469.4057
513.2174
1241.226
596.0366
1167.141
1007.76697
1309.6917
1114.7211
1622.8813
794.8845
560.4787
684.71204
1599.6926
787.4166
1087.651
270.4367
135.2949
1152.7194
1113.8276
589.1775
604.4205
927.51587
1331.8951
260.96854
754.3198
608.9478
614.1885
954.7239
515.5443
1018.31726
1685.4233
1285.9971
421.967
391.513
627.39026
1272.713
1297.5593
299.04434
1523.1049
1234.1218
1334.7634
1135.5511
1167.3877
1044.5757
331.01657
527.5286
493.36627
522.16077
1018.5374
1155.3104
602.75525
764.0548
1172.8419
772.04376
2398.875
549.2792
588.8331
539.901
1507.8574
1163.888
843.6254
342.6132
1266.6896
731.29126
2077.378
955.87146
482.62314
1197.623
809.71075
580.8445
1514.5903
846.8059
717.93335
534.11084
1010.5402
1386.7905
1428.8542
857.80457
511.16968
654.85144
1065.028
1014.24225
724.7362
390.1179
1996.1089
1018.35266
1194.7172
1093.7002
270.02325
989.224
405.6132
357.9509
1114.907
556.8845
91.28578
673.8905
1488.1244
558.69635
434.623
2412.215
1091.7268
651.0106
1856.125
587.7425
1091.5813
1344.2983
1023.508
248.63821
898.6891
864.9656
855.1371
1202.3116
579.5795
669.10425
1615.0852
1042.7324
909.276
1155.3651
1669.7395
2377.791
1379.4242
1245.526
1210.285
957.5991
887.91876
1024.0248
536.3072
406.88727
899.2506
720.198
211.42685
988.6351
1092.1322
510.47388
1209.3035
1195.7555
832.0897
687.9479
435.76978
803.0575
817.81537
1145.0536
728.7408
1175.563
942.98615
868.29456
1236.7163
458.2591
1290.5673
1316.9717
420.5412
2250.3738
809.9596
716.01184
436.41833
1008.0817
777.5456
301.48502
543.1898
969.91486
1595.2065
1502.4384
973.5699
2137.7954
598.7977
552.73193
1419.293
2320.2158
369.81427
2058.6472
1917.2461
453.515
390.4557
1573.2324
656.80133
1399.0043
1059.3821
1529.831
1407.3315
1544.0728
1131.7239
974.8279
918.9769
1472.7051
499.92133
528.0138
547.8496
1349.8547
525.17267
926.81824
394.79846
722.6227
1013.6713
620.02216
244.20657
1273.0867
1074.461
1050.9142
1531.4874
579.38525
1365.3391
496.21167
626.9723
370.0791
685.34644
434.51407
864.44543
502.015
843.41785
1085.3285
1359.2021
870.4727
2151.954
1144.2498
1227.7415
1251.9937
427.42505
335.99908
490.1283
647.3238
623.9411
248.18463
1306.1401
1543.185
632.01184
519.53784
1229.8013
1459.9321
1171.1511
552.4599
1042.8384
475.2993
1547.1561
1163.5266
475.93848
228.15227
1222.5466
453.1601
1506.6144
1238.0493
1424.9271
667.73303
255.98366
862.28723
1095.786
1271.4387
847.85144
534.4137
636.82245
1205.0327
944.4645
1430.2909
1029.2234
425.46536
812.69653
655.41583
785.6178
1081.7297
741.8887
1103.1808
546.31726
507.14682
944.54663
615.6742
1316.566
768.9547
1588.3329
1390.3524
739.6654
323.09814
1306.3398
423.5141
944.98267
437.99097
887.6742
244.81262
777.0367
540.34106
912.16895
697.0486
1444.088
1589.0063
252.06964
1103.5806
1249.3302
954.0384
529.29865
1034.7537
1517.6678
616.0967
443.62363
1012.2397
2240.0605
1890.7302
620.4342
819.15717
650.9818
770.6295
1213.3384
602.8361
1137.293
1836.6794
1142.9565
1417.9965
496.76343
537.2594
891.9136
775.55835
637.57446
1357.8994
377.0736
759.9801
1492.9353
764.4991
429.12335
1480.6674
1488.7095
367.26636
1158.49
848.25977
1226.0735
393.78552
1415.2123
591.7048
538.9681
1123.6685
998.6126
1008.41626
1299.698
414.4288
587.8458
1387.1057
1022.90326
1252.6709
529.0906
430.8768
1436.1324
1744.7258
1748.8539
784.81226
125.392746
318.84607
918.45105
444.02435
385.88382
1051.1584
765.5945
483.1101
195.189
741.3337
591.08026
1291.0942
1098.7709
1211.678
1265.5668
453.079
1251.6061
976.25385
1173.8927
1129.8585
1130.2468
1288.6917
721.3285
604.63464
896.8606
320.0546
2010.878
248.22142
1010.2276
1192.7574
1226.6216
1136.3588
1257.8632
1002.3311
962.3186
1328.5975
1096.9564
1077.757
606.6489
494.7915
1280.1168
526.2139
1168.5559
1102.4857
1019.4591
542.6286
399.71878
388.0424
1018.444
644.30554
1277.012
1232.5515
1879.9221
1021.29755
813.73315
641.5446
580.36053
551.15955
1086.6693
1147.3301
914.76
1839.2141
911.7046
1717.3577
2337.2612
536.6913
417.86853
860.8361
646.9727
683.09985
1043.4384
1467.2869
1288.0413
600.6383
860.62756
693.606
591.0701
1445.1936
1570.447
1077.1862
1225.332
643.2617
583.216
340.89603
1329.5157
