1288.9663
1023.1898
902.79675
1193.3989
593.38135
1287.3214
1129.1787
237.1971
1232.5424
721.5569
459.92303
881.0814
366.1238
1379.3163
1267.5403
993.0873
1348.8202
1186.0039
1527.1033
372.57605
2253.2864
1163.8271
367.18878
818.2068
535.3811
423.3976
1437.3824
1325.2281
860.9387
1157.2625
542.8439
463.15454
399.81036
458.19955
1377.9271
327.57535
1062.5095
582.3026
2113.5095
505.515
786.7899
1513.4482
598.35583
383.37842
330.14917
448.34094
1176.5698
728.97705
561.7847
275.7377
658.4909
1464.025
939.58014
1318.3282
929.07007
797.18726
673.5123
1183.7339
484.89978
656.6267
1241.3398
338.27557
302.79373
1136.8293
1486.829
1145.3179
398.53214
1072.0737
607.3552
1276.5022
1162.9897
769.1372
1176.2871
1226.4048
914.47644
898.193
770.49005
1094.909
489.44714
1316.1794
820.40753
1330.0746
221.6077
1159.3984
756.0409
1044.4894
878.5681
1115.1497
1008.9669
1116.7273
1354.0254
844.34766
1238.8287
2418.6614
693.3361
1320.2008
609.0017
1164.7771
657.7229
700.16895
1449.7007
1102.4838
1206.1296
384.7897
1045.6533
1353.7676
833.57324
739.12085
2260.1597
2382.0215
1429.1345
498.89667
795.7001
279.57462
554.7521
399.41113
2305.8154
1088.4292
1343.3999
672.64905
362.24234
750.703
1204.7539
1364.0277
1337.3223
1049.0784
390.3002
553.9417
2309.1199
856.08435
665.773
468.38242
1024.0751
2061.6606
1226.5815
189.90514
1149.5232
614.96814
859.0001
1014.50055
1328.9299
1389.1606
478.9871
757.52454
815.5482
512.6342
837.2854
1117.9639
363.80585
1285.873
2332.5815
919.5219
984.3235
408.93353
742.87933
1088.9935
1178.1772
1420.7231
901.79956
305.6867
1081.6743
1355.8823
785.1088
1078.7368
1102.2493
845.9618
2389.681
1478.3923
848.57764
726.489
854.84094
366.18378
567.97363
552.6652
486.45526
1546.9032
1202.0336
506.20294
1203.8608
806.0089
1497.1085
577.3812
2551.887
404.07913
2313.9521
1952.1469
1518.7041
2357.8208
409.6237
1391.1135
852.8488
573.4865
1380.9434
1051.0146
214.21173
355.93994
871.9529
355.94373
699.90784
1524.2908
1015.3184
1161.8511
1195.939
595.6338
301.83102
779.19934
626.6907
501.50278
386.90894
1073.8027
899.6676
558.8055
422.7542
2246.6035
1434.5105
796.6436
409.89978
645.4326
1069.8035
691.54083
2190.4927
606.7294
2227.1846
245.53505
1304.8823
1254.3594
2207.8574
1427.1345
523.5006
421.04358
1087.1125
209.45744
572.4516
1184.6147
1183.7188
1101.4974
767.4856
1098.276
2364.044
942.6737
1118.0466
193.78876
2550.125
1123.7009
931.44836
700.749
1360.1
1084.0337
920.9544
1280.1772
1407.821
821.2522
753.3275
551.5759
1205.155
1032.4501
1455.8002
1502.3717
1380.9974
1061.9232
1405.706
1437.4875
680.17505
409.21008
935.4253
1017.2682
1340.6932
1019.0305
836.5486
846.36084
1099.8225
1613.6436
645.19434
1126.8629
542.3951
1330.3452
543.522
1291.8708
1127.5034
1625.6226
420.19116
1133.0048
1240.225
501.82947
514.5678
1128.9614
524.23376
233.9841
812.1234
1155.6342
1751.7036
1372.6948
1011.1305
1125.0139
361.48718
1197.8604
1275.1223
2262.8237
684.27014
253.63257
1022.7887
1367.763
267.00366
442.78674
1071.1515
1404.959
759.3214
424.56024
346.16898
1358.1155
1595.2738
672.5414
558.9569
2455.9941
979.75806
966.56824
1163.1526
858.1771
339.11032
345.54807
837.5211
1138.6783
975.59314
934.67957
340.31097
2437.8687
597.4845
378.87198
1321.7997
905.60144
317.20245
1083.0544
1522.0945
430.1856
1176.0206
1084.7317
1601.8453
959.7917
968.40857
925.20435
430.06
1163.1519
1001.4553
354.22836
1111.7244
1326.9436
316.95407
608.94617
665.667
910.21985
496.5163
599.1272
508.1629
618.36597
144.22565
396.26678
307.69812
745.8666
742.8723
614.74365
695.5607
373.09555
1401.1018
814.4693
264.91946
731.8435
1580.8408
1110.5706
1386.2253
474.77808
302.84314
1063.592
936.9875
987.1128
1276.7335
1121.1094
506.96564
1335.8009
152.63179
387.2322
1732.7969
775.8206
493.96277
208.73955
1431.2151
489.66644
853.3873
1220.3021
857.7814
1075.2638
570.2199
523.878
999.8882
1099.7683
722.9155
1030.157
1633.4241
1072.1587
869.8529
1000.144
624.07
1504.847
908.65125
1493.4929
737.5519
422.99118
1318.9893
671.9665
953.15857
491.9886
335.16525
989.0777
807.9043
591.0831
1584.6505
386.5305
990.9068
936.5127
450.6289
750.10803
780.1786
466.29895
387.73663
809.7573
1469.874
221.08484
1016.1784
465.64978
1045.738
906.2617
819.61255
1060.7544
956.0439
1146.5017
1093.0621
859.2699
552.99646
716.8841
1520.6781
1768.3469
879.4646
1326.668
1067.0946
618.1836
539.22974
1370.8911
1391.7997
841.3683
1373.5001
1313.7017
463.34427
747.3957
1387.656
530.05493
927.34467
1231.4224
1220.3843
631.0493
1226.791
489.2337
561.41595
1145.9963
623.423
1204.521
779.037
1192.2333
390.2175
979.6624
1138.1184
1183.5498
688.15356
1331.0052
1078.9305
1416.9092
1022.5223
1206.7601
426.15326
674.9509
470.6126
696.69604
448.30118
1275.311
897.80255
1636.612
592.89124
574.2752
718.8454
1249.7292
1243.8231
832.0263
2143.8408
588.44934
391.27454
758.2113
1150.0422
1161.7175
813.8967
436.234
1202.4133
650.2355
601.9328
1264.7301
1288.657
986.71954
1437.4662
1129.73
456.98306
456.93625
747.35077
958.4745
1270.377
1317.8221
493.0921
177.03735
451.72314
352.14774
1002.468
1478.9081
336.88312
717.8142
819.73065
471.37598
1598.1582
855.71826
759.8409
1126.3767
1560.2511
416.96014
1146.754
1113.98
1266.4512
620.2738
784.7288
414.45325
324.14645
382.178
739.7271
1396.3927
563.2511
749.5842
733.62897
644.3912
1039.5819
2182.3584
691.7797
1096.9482
940.1087
2385.5947
496.65463
1464.46
1447.4963
756.07544
1123.9023
974.5198
972.33386
1288.0139
1058.8474
718.63165
2213.9844
569.2838
379.84683
1082.2543
568.16974
658.2545
1744.972
1549.5194
1315.8944
303.9078
1100.2747
251.91866
765.6447
1029.6946
1207.8143
663.6167
757.22
885.45544
383.87936
326.21503
1192.1891
730.21014
429.85974
1457.8928
1072.1245
1427.5256
889.8002
676.91565
155.94203
632.89087
1508.2498
322.51138
367.03058
495.16998
573.20807
977.6452
1055.0277
684.10925
1294.5562
1164.9281
154.12593
1000.91156
553.5509
1135.236
634.76843
1242.3519
1089.7349
1343.6888
1141.8108
453.11755
795.2785
711.22546
1300.7186
1333.5796
379.43887
1728.2595
347.47845
572.20605
1190.0125
902.06085
207.36635
809.2505
668.09607
1300.7456
534.15027
688.5648
1538.7561
1210.2616
202.1936
1210.9795
828.26953
1277.1763
518.7123
1044.4369
1283.542
1276.8604
341.87317
1114.9213
1658.3018
565.4304
1191.707
667.36487
733.1344
765.7882
686.8834
1377.24
1149.8672
2390.9487
924.97546
1971.4114
1219.596
729.9417
1591.2502
1110.5444
2100.3706
595.6659
1131.7693
1187.0276
759.4214
607.4524
647.9414
1487.9158
803.0219
1120.7108
464.1641
509.53174
1556.7698
495.20657
274.92786
893.05554
393.10678
1170.8904
184.64297
983.2949
866.40753
694.949
664.147
262.01154
560.1346
277.5622
1025.3052
664.66425
1028.7201
455.66223
636.99164
1653.22
1184.1897
1200.5454
576.58496
1101.3761
1230.8289
1040.6366
329.73346
1107.053
328.88538
379.94327
1043.9324
1432.6503
2265.5974
1490.6013
476.9679
308.55807
915.8418
737.05945
926.86035
435.41138
303.23334
769.57446
330.13074
1104.4954
1232.0994
1163.7817
1147.2485
465.61658
831.6339
1287.6802
1587.4658
2151.8972
797.9385
606.54736
1034.5615
702.2995
779.92053
448.5805
785.1975
1003.4615
789.4253
1045.9454
1550.2672
656.9714
575.0483
409.17896
1310.4835
539.11865
503.33514
1006.504
947.312
886.4931
1263.6033
1101.7208
1465.5801
1002.1199
980.7241
619.4407
575.2847
598.3396
1611.99
634.1449
1526.0969
1223.5908
1850.1095
441.9466
533.8505
937.1826
438.35715
1654.1118
568.03827
612.4365
1015.63025
1213.4141
637.3097
967.1286
1490.071
720.63525
950.875
1833.0864
693.682
1182.7648
225.42783
1119.4257
470.79285
1458.631
548.0276
675.08484
1394.3258
889.6375
1478.2422
1099.4501
1101.3976
955.3967
656.255
1192.015
463.94592
1467.4468
1046.0261
932.81006
341.04132
1007.7997
543.77625
465.0108
852.10986
843.4679
264.2342
1250.9113
1055.0876
1101.2002
400.41974
601.31836
591.33966
484.40912
967.1868
744.2052
1223.8967
390.67596
1547.07
240.66756
792.4237
744.50354
611.1224
179.67174
755.3154
709.3052
684.6671
277.0764
643.2382
786.8302
434.20084
277.22116
348.835
741.8329
1056.7776
838.16327
985.34814
1383.1726
1363.5935
731.89355
900.1571
1387.0046
1111.7025
907.1192
606.83093
986.8583
1329.5977
307.4795
603.4252
467.45978
2290.8193
1060.2227
1639.562
658.5944
449.87897
1126.512
1157.2664
655.04987
1057.3711
1118.2396
418.36096
844.0376
584.6071
634.21014
324.28656
430.52884
784.03845
1434.8484
1107.1476
290.15137
608.375
1264.7251
1178.8816
487.72986
394.87738
840.057
582.7461
604.7682
1122.2894
1183.8904
162.89418
1202.9995
954.3559
1472.337
1016.658
792.4281
1532.6848
1245.2788
1335.7129
678.61694
839.0984
765.409
768.94836
1221.5732
1400.7692
1187.9126
1335.8431
1114.1407
1088.9005
529.4507
457.11374
1500.0044
390.1999
750.39966
657.7958
1210.0878
205.41699
692.07996
1739.1705
1340.5742
1196.1807
345.59482
1219.5382
475.6532
386.0085
1242.0173
1775.0634
685.5309
994.6085
977.87695
2011.4125
1046.4562
1371.1002
660.15594
1305.3529
1431.5435
1231.3398
1251.6172
570.1968
1230.3141
1219.7468
1272.0532
1066.3171
1059.8538
1157.8156
858.6289
641.9157
451.56448
650.2696
827.0666
868.97003
1321.9775
673.2805
1154.2462
1014.84326
1126.0414
581.0542
705.7409
757.7572
515.1765
2305.3381
546.45154
1662.0482
2290.8896
689.2136
665.2506
2164.5146
1016.8904
766.26245
1988.3237
485.50092
859.9232
1067.1123
863.6708
234.69711
494.29626
1152.3793
2442.3296
462.95673
512.13184
1438.0892
1543.7528
634.62634
341.25922
1430.8608
1283.8782
934.7267
1142.582
1248.7427
1447.527
1151.8765
357.75455
1045.1505
1221.641
235.68509
360.07593
338.03522
1459.5629
499.07654
969.8272
1000.41113
426.89713
1532.2408
406.52606
710.75726
1014.33105
1211.2578
1288.021
1212.2858
795.99524
476.88556
722.97974
1433.9517
539.4265
468.44806
492.20865
1207.8223
492.58588
1259.3568
805.33356
1072.6768
1227.6465
514.12524
1502.3643
545.47394
321.04315
1248.2668
347.2534
1496.9375
801.75555
1459.0312
363.84277
1058.984
1211.2043
1021.3616
603.02014
1470.128
1138.2595
1460.6913
1353.2395
1281.8944
351.53677
2201.8713
475.4256
474.7595
1222.1802
836.7501
1121.456
1682.6428
1068.4236
1403.4218
2138.9932
1409.9509
611.81287
1379.0178
903.1684
462.82263
353.5634
840.27454
834.5109
1506.3567
1038.5497
534.8085
863.5414
587.4304
1149.6368
1113.8765
1035.72
504.18597
411.78418
1048.6057
798.0621
436.16693
1318.2275
736.69324
422.8058
1316.2681
962.3544
848.7877
444.51776
855.8752
642.80835
441.74792
817.871
935.22797
754.09924
2377.9255
820.8693
980.4843
1330.5112
1082.4874
538.2416
1160.615
1099.6838
1273.957
895.78186
330.40744
331.4826
1593.6206
1379.0765
1043.7552
938.8593
787.80945
1040.8693
1226.4125
1196.5403
1180.7828
1448.062
515.3398
1196.6305
272.1692
831.9751
290.40408
473.27582
648.92224
1245.7898
1208.3143
1429.2542
1148.0383
1343.2468
390.07285
691.93066
864.80566
1164.7946
478.87823
1002.35223
949.30597
484.9534
1254.8381
1251.1431
2288.452
500.39862
956.68317
373.27148
1291.6372
1202.3285
1169.2317
1519.481
2260.0044
1442.274
406.05347
1415.2627
523.6313
879.6793
471.61145
760.7331
1208.6401
774.52386
550.9344
894.2696
430.2256
1273.1356
2294.208
859.2019
2278.0166
1350.1792
1376.1713
554.2362
1376.2092
567.5473
479.80545
1308.2493
794.14813
529.6343
283.06204
1239.344
773.95996
619.73676
926.6942
258.8026
457.91867
1108.5325
307.00238
833.5803
1056.9795
1475.6581
978.8824
725.3895
324.00397
1342.8025
1935.6077
581.0224
1059.9841
1431.5128
394.0044
846.6974
196.79964
310.69547
971.21954
867.82184
1810.5718
1821.7537
1331.4255
588.542
332.01526
613.84064
869.4255
1056.0873
473.5833
389.3534
347.79886
1035.9304
544.3194
1167.2181
1444.1122
709.2972
663.6835
791.61584
1093.8115
405.24884
669.37476
949.86035
1509.3533
304.51355
1475.5547
1290.625
1362.0818
532.11255
1258.8671
1265.0884
1207.5828
94.872635
730.09656
466.34818
676.61676
544.73
1066.2026
1371.552
1539.6302
510.53607
736.53235
836.3563
507.71408
2498.7852
563.48425
645.2584
630.28424
876.94714
403.2166
709.52655
701.9386
834.39136
563.77
1050.0314
250.52411
824.60803
998.38513
483.87433
421.0276
1087.1705
711.0979
1145.5118
1554.6232
1804.4282
533.2185
555.8831
917.34644
721.0038
868.29126
1184.2585
2093.6172
1794.9382
2399.4387
646.12866
909.9266
1032.4707
903.8196
439.28864
966.053
624.73987
823.7555
587.37396
663.40063
311.30286
912.47925
525.3631
1275.4047
973.0239
1495.9143
300.44067
939.38367
696.5169
758.1149
1127.6597
1246.625
1444.1527
1195.523
1028.8002
1199.0981
1428.8419
1135.5281
1186.7244
864.1417
1103.56
1088.7532
790.6444
385.10806
1245.2866
737.55225
619.1271
1023.8471
1262.5986
351.26794
592.3269
1433.6558
450.43253
1487.46
503.71417
1616.6813
961.46375
1304.2357
2215.995
516.1213
1603.823
816.2825
1651.3514
2078.029
1215.3604
942.02246
482.87714
472.78976
1260.6536
360.29492
2283.7537
484.1886
587.85034
834.5563
959.1356
613.2251
529.9437
368.54413
1265.8982
1205.3873
384.09717
1588.627
1323.6815
107.79342
599.3213
1013.28467
2466.9468
299.65576
825.2648
1481.656
542.979
1226.9062
1263.4141
2343.58
2296.8616
1233.2712
668.3291
707.7965
1414.9307
566.4226
1168.6113
1066.606
1303.6982
528.0211
1144.7336
1501.4712
949.07227
1150.5134
475.41534
406.7004
717.38574
1004.47107
252.96121
1487.0148
878.25287
735.8743
701.44763
1589.839
702.38153
243.35263
679.9091
156.22963
464.3473
336.22162
1024.6394
997.5015
380.28018
716.1802
1017.67413
362.68835
1477.6221
559.4527
884.57043
883.7607
694.90875
326.18518
1196.3956
1070.5555
463.93237
746.3567
695.6575
1124.4058
918.94006
1333.7688
812.984
1190.3259
327.30545
972.938
992.19904
216.90875
830.5973
609.8718
445.13147
1472.769
1430.6313
418.7555
1230.9974
1285.9849
845.55457
957.93555
1062.7577
584.9263
558.13007
442.967
1382.3502
763.92365
671.5582
639.99475
1521.6583
630.5885
522.89746
926.7908
985.9213
281.09778
1089.6327
1250.2683
1049.8167
1586.8815
1363.2302
1511.1536
318.47583
1087.1836
384.79834
463.838
1223.1753
1349.1597
676.6482
643.829
489.65784
1757.0282
951.0039
592.1613
491.41315
940.8178
1385.9353
718.90063
1147.615
407.90466
636.1486
402.43417
302.67615
731.77704
1438.2537
396.17413
393.8166
1238.2244
600.02234
427.98044
651.64496
677.7132
1026.7996
1075.5767
1143.2283
2154.9653
422.38425
1589.427
947.85895
473.0415
1214.3853
1194.3159
698.1223
356.23578
1219.5728
1162.9401
1108.5609
545.6458
469.06586
329.51764
949.37976
452.39508
1216.9563
476.31958
791.9689
770.4579
1617.5222
1069.4656
487.45914
1038.7891
1551.6201
1481.5486
1908.7819
1586.0442
1197.8672
998.93884
162.46979
1433.5186
352.34885
1174.5042
1321.2573
647.2556
910.46985
726.44403
535.39954
1036.7467
2082.9307
389.628
628.2433
1152.1333
1027.9946
1633.2325
1310.8726
750.49457
878.5814
272.2959
467.98395
1190.9913
863.69293
971.219
1210.8442
1738.6924
1142.249
321.10464
239.35522
1320.2202
852.25024
599.1983
1235.3785
302.5512
816.82605
1360.9529
764.1702
377.92358
1349.197
453.7848
1002.56573
1015.2182
1303.9685
1089.1827
719.2666
898.50824
1643.6736
1089.3895
901.7218
2366.22
262.6546
582.234
425.29196
694.37354
2212.4482
1072.585
1289.1351
1303.5914
1576.332
1867.0142
701.7648
1250.9661
1367.5242
885.41504
1127.332
293.7445
220.65222
709.62067
1195.7593
2287.6853
1069.2288
2257.9087
704.02966
1102.2866
1406.7192
1542.1035
516.2781
1132.3673
980.46716
1002.25305
1170.2634
202.99011
344.3382
987.6443
868.506
547.08344
678.9374
1108.6909
1645.3586
1015.5141
657.9779
1167.4738
251.14653
1207.7775
726.2754
1447.301
279.23117
1178.4796
508.57452
469.95587
515.319
1245.0457
597.3497
1167.3098
1009.292
1312.1244
1115.2646
1625.4468
797.84393
561.06335
687.4776
1599.9524
789.62976
1087.9967
270.69028
138.01022
1153.7566
1117.8337
590.3655
607.565
929.32227
1331.7466
262.23062
757.03326
610.3489
616.80554
957.3469
518.1351
1019.85864
1686.1328
1286.5629
423.99332
393.56738
628.2183
1274.6917
1299.9653
301.88052
1525.6274
1236.6471
1334.7476
1138.7485
1169.1744
1044.1589
332.69086
528.05273
496.60672
525.2312
1019.1358
1158.6106
605.7273
766.25214
1174.1512
774.771
2401.8784
551.5801
591.84906
542.8314
1505.2711
1164.1115
844.9161
344.49698
1267.5538
733.27356
2079.6401
956.895
484.41504
1197.7532
810.7792
582.6965
1518.7559
847.5981
718.50757
537.02014
1011.0094
1388.7881
1431.3234
860.5765
512.59674
656.7262
1065.5563
1016.7031
728.05176
392.81274
1994.7147
1022.0999
1194.6743
1096.5304
272.39066
988.95996
409.44495
359.33777
1116.2589
557.29425
93.76574
674.34534
1489.0532
559.3141
437.38895
2415.145
1092.9678
652.7717
1857.5469
589.8486
1091.7913
1347.1466
1024.9727
249.74176
900.6896
865.8304
856.9059
1202.5145
580.6308
670.6423
1618.8834
1047.067
911.4766
1158.2384
1673.221
2377.6372
1381.3623
1245.6368
1210.6687
960.9022
891.3179
1024.5359
538.2921
408.62592
901.7895
722.453
213.51163
988.95703
1093.6771
512.48816
1210.998
1196.9493
835.4464
691.2207
437.87076
803.34424
821.25073
1144.8232
731.2264
1179.2382
945.2518
868.67865
1236.9768
460.9574
1291.1278
1319.0142
423.07532
2246.7493
811.7132
718.6789
438.87784
1008.8676
778.0694
302.25577
545.1565
970.55493
1598.1144
1505.0881
976.6157
2140.1853
601.04535
554.6727
1419.6914
2321.3586
371.36685
2058.5674
1919.6018
455.3569
392.37094
1573.98
657.31836
1401.5061
1061.5165
1529.9238
1408.1646
1548.4375
1132.405
976.42993
919.8342
1473.2754
500.3122
529.36774
550.6408
1351.2153
526.942
930.20013
397.81445
724.96423
1015.7774
620.9444
246.55113
1275.9489
1073.8629
1052.04
1532.0856
582.12897
1365.1255
498.2952
630.97504
374.37946
689.8954
436.15482
867.3279
504.16296
844.00323
1084.9553
1361.2214
872.8233
2152.336
1145.0977
1228.3486
1252.7983
428.98682
338.2319
491.84164
647.891
626.44543
250.91245
1306.1741
1545.8362
633.395
521.6304
1229.6841
1461.608
1171.5695
556.08044
1043.0327
476.96912
1548.1074
1163.1957
477.4743
230.96548
1222.6467
453.24237
1505.0398
1238.7533
1425.0731
671.4491
256.89258
863.53357
1095.5222
1275.0266
850.2799
537.39197
640.59845
1204.5436
944.62683
1433.1052
1030.7292
427.30307
813.6417
656.0093
786.28577
1084.6338
744.53015
1104.1062
546.5457
508.44556
947.9133
616.95935
1318.8472
771.9506
1590.1066
1392.7516
741.27515
326.3618
1307.168
424.52933
947.32983
438.93433
890.57526
246.42578
780.1924
544.50885
914.6975
698.2434
1445.5054
1592.5082
253.1803
1104.5604
1249.4512
957.1614
531.01624
1034.9739
1518.911
617.3236
444.01788
1014.17804
2239.6
1890.47
622.86035
822.69275
653.2239
774.5854
1216.2595
603.49585
1137.6294
1839.4818
1144.4847
1417.9092
500.5229
538.88477
894.0531
778.171
639.0543
1358.8093
379.09756
761.84546
1493.2997
767.94104
431.0623
1480.8391
1491.063
370.0407
1157.8153
850.312
1228.6036
395.02374
1416.5226
592.61365
542.31384
1125.2284
998.7053
1009.4056
1302.404
417.33575
590.5753
1388.8562
1026.1754
1256.0962
530.8585
433.90396
1436.7676
1745.6115
1749.4058
788.0181
128.94424
320.9741
919.00006
445.51984
388.09976
1054.3345
768.6126
486.33856
196.88687
743.05914
592.5815
1291.1455
1101.649
1212.9854
1266.9336
454.45908
1251.8938
979.35956
1174.0901
1131.6559
1130.1489
1290.1403
722.13416
606.17285
897.5603
323.00397
2011.2667
249.47704
1011.819
1192.987
1226.1221
1135.9905
1258.3531
1005.23596
964.67505
1328.3667
1100.6233
1079.8921
607.9713
496.02267
1284.0912
528.57007
1171.2986
1105.4731
1022.5614
544.2996
400.9187
390.77588
1019.0915
646.943
1276.2356
1233.4716
1881.0684
1024.1678
816.67126
642.72156
580.5623
552.3519
1087.3419
1148.0955
915.6169
1840.292
913.0605
1721.0549
2337.7163
538.16797
422.08688
861.6608
649.2666
684.42163
1045.1587
1470.6794
1288.6898
601.574
860.804
694.55725
594.4806
1445.636
1573.0566
1079.3962
1226.3475
646.5232
586.6911
343.86566
1330.2781
