1287.7605
1022.08875
902.4216
1193.4431
592.95056
1285.4751
1129.1244
235.84113
1231.3772
718.3153
457.46222
879.0315
365.0885
1379.3401
1266.1368
992.9374
1348.6749
1183.905
1525.7263
371.1501
2252.2754
1161.814
364.67636
816.75415
534.4764
422.44492
1437.3126
1324.7542
859.21313
1155.4902
541.5935
462.59152
398.43658
457.83234
1375.9421
325.43353
1060.8579
582.0458
2113.5474
503.53326
784.34375
1513.5281
596.3963
381.78836
328.52176
445.83807
1175.3119
728.76874
561.4423
274.71628
656.38464
1463.1348
937.8379
1316.4263
927.8109
795.38257
671.7711
1183.5203
483.45703
654.08093
1239.2424
337.02267
302.41718
1135.5713
1486.0076
1144.9818
396.92307
1070.3134
605.0149
1275.8273
1162.8337
766.9292
1175.2482
1224.6151
913.297
897.7893
769.0299
1094.1453
489.0328
1314.5374
817.56775
1327.3813
219.72026
1158.931
754.0993
1042.5859
876.2672
1114.6631
1007.329
1115.0702
1353.682
844.0334
1238.0486
2419.2588
690.7754
1318.608
608.14264
1163.7655
656.84033
698.6022
1449.3469
1101.4701
1205.2249
382.56555
1045.1062
1352.282
831.73694
737.46155
2259.0732
2381.4595
1428.7052
498.1468
794.4212
278.45956
554.56555
397.09534
2304.6877
1087.109
1341.6772
671.8574
360.78568
750.1709
1204.9124
1363.629
1337.2191
1047.3573
388.4997
552.9515
2308.9033
855.0123
663.30347
466.9602
1021.66364
2061.3704
1225.5154
188.18459
1147.3647
614.9958
858.81793
1012.4035
1328.8218
1388.204
477.46536
755.7811
813.81305
510.9867
835.1989
1116.6726
363.56445
1285.7264
2333.2517
917.7046
983.1538
407.12808
742.5502
1088.0103
1176.3743
1420.6495
899.82
305.01935
1080.3344
1355.0306
783.2411
1077.9999
1099.9751
843.8168
2388.5105
1477.4293
846.68207
725.2446
853.2119
364.52448
565.78467
550.47144
485.75256
1545.6279
1202.7367
504.44614
1201.3796
804.37683
1495.7488
576.9477
2551.6055
401.8682
2319.6343
1951.5482
1517.3632
2357.895
408.17157
1389.6984
851.7864
571.6338
1380.7529
1049.6301
212.66066
354.1418
869.8188
353.73944
697.9689
1522.339
1014.9469
1162.0508
1194.3444
594.3635
300.18152
777.70026
626.14703
499.5155
384.8953
1073.4325
899.59265
557.34326
422.37842
2246.8818
1433.9102
795.0698
408.59464
644.20996
1067.5175
691.14197
2188.3408
605.01855
2226.2146
244.37341
1302.881
1254.6106
2205.955
1425.8501
521.3424
419.0822
1084.7692
208.06683
571.904
1181.8904
1183.1244
1101.3456
765.515
1096.6841
2362.896
940.84045
1116.1227
192.10675
2549.865
1123.4663
929.4575
700.3462
1360.0872
1083.3408
921.0905
1279.6523
1407.5139
819.7945
750.8775
551.2539
1204.3972
1029.9722
1455.1016
1502.581
1380.581
1060.3004
1405.0549
1437.3845
677.7311
408.7815
933.8858
1016.53235
1340.3656
1018.46674
835.2674
844.7024
1096.8105
1611.366
643.60693
1125.5464
540.999
1329.6194
541.9522
1291.5621
1126.7473
1625.0862
418.5629
1132.1985
1240.4207
500.21997
513.5883
1128.103
520.95953
232.66527
812.3534
1155.2869
1749.4988
1372.1144
1009.83215
1124.8073
360.10297
1196.646
1275.0165
2262.8164
682.9263
250.91946
1021.9264
1367.4026
264.49197
440.95587
1071.2346
1403.3267
757.0083
424.10028
343.90314
1356.8221
1594.9495
670.15405
558.42847
2456.159
977.646
966.4714
1162.27
857.68835
336.10175
342.2648
836.3691
1135.9604
974.1127
933.5985
339.07904
2437.3857
596.0151
375.30243
1319.7504
905.13965
315.6299
1081.3612
1522.53
429.84756
1175.1107
1083.8433
1599.4316
957.4593
968.4809
923.7247
429.18903
1163.2291
1001.66406
352.4742
1111.0596
1326.5632
315.21762
607.88135
664.27075
909.0127
494.49826
598.4492
506.41168
617.197
142.18231
395.51465
305.95465
745.37946
741.32806
613.32574
694.2583
371.92596
1400.6989
813.578
262.85406
729.6107
1579.5963
1110.1976
1385.8962
473.37875
299.9735
1063.3201
935.5393
986.51074
1277.1505
1119.953
506.6209
1333.3215
149.85071
384.53748
1732.7444
773.96783
492.15942
206.06152
1430.5643
487.7074
851.2858
1220.2744
857.57715
1073.4893
568.79297
522.60767
998.729
1099.6212
720.9425
1028.5062
1631.2964
1071.7252
868.1504
998.8599
621.78204
1504.4062
908.35876
1493.408
735.7612
421.05362
1317.1918
671.22754
950.6826
489.38083
333.92645
988.2892
806.6852
589.9759
1587.6704
385.2965
990.3554
935.9648
448.97058
747.8911
778.6824
464.39606
384.90808
807.5862
1468.4021
218.5865
1016.2831
463.43076
1043.7701
905.1376
819.4447
1059.4188
954.65814
1144.9576
1092.6354
859.0166
551.95746
715.45447
1520.4967
1767.7422
878.1167
1326.0461
1065.2876
616.29004
538.12646
1368.7053
1390.7551
840.143
1373.7615
1312.4849
461.5551
744.1222
1385.6465
528.39777
925.50446
1229.5305
1220.0007
629.0886
1225.2618
488.36664
558.03723
1145.9548
620.2516
1204.2124
778.06854
1192.4948
388.93967
978.4015
1137.7338
1184.074
686.90405
1330.267
1077.9286
1414.4083
1021.86487
1205.0752
424.49377
674.13306
468.76724
694.8164
447.7663
1272.7664
895.71606
1636.2815
589.8335
573.1403
718.5574
1249.0765
1243.8721
830.14215
2143.734
588.1274
388.98605
757.7298
1149.8799
1158.7792
812.734
435.4321
1201.181
647.0192
601.19696
1261.9882
1288.1355
985.9423
1436.7513
1128.2708
456.04364
455.4326
745.80566
958.4392
1269.5027
1316.6136
492.3011
175.63704
449.49023
351.8572
1002.52325
1478.3485
333.97662
717.302
817.73755
470.67868
1597.8254
853.9031
758.4521
1124.5809
1558.7383
415.472
1146.6373
1111.7275
1266.9338
619.7039
781.6789
412.35583
322.00797
381.18253
737.63495
1394.2034
560.98663
748.53186
732.67474
642.7629
1039.8309
2182.3955
689.229
1096.6293
938.7715
2389.6643
494.38617
1462.5013
1446.8444
755.7416
1124.1913
974.0779
971.06433
1285.842
1058.2819
717.5504
2213.752
568.7812
378.46735
1081.019
566.703
657.5912
1742.0933
1547.867
1314.1948
301.92996
1098.7488
249.92221
764.234
1029.9257
1205.9314
662.26556
755.80975
883.1404
382.87
324.43512
1191.3439
729.53735
428.12042
1457.0212
1071.575
1427.1719
888.3447
676.73834
153.64183
631.0748
1508.3828
321.91925
364.65125
493.3629
571.95386
977.74
1054.9976
682.6516
1292.16
1164.0691
151.91518
999.58813
551.80695
1132.5015
632.8399
1241.429
1088.8228
1343.3553
1141.3848
451.10928
793.24744
709.36597
1300.8365
1333.05
378.10736
1725.7736
345.09924
570.9177
1190.055
900.88934
205.63837
807.6228
667.3744
1300.2246
532.2064
687.1112
1537.9117
1210.331
200.14026
1210.6248
827.1128
1277.4414
517.69867
1042.3988
1282.4988
1277.0924
339.88013
1113.373
1658.273
564.01465
1190.6382
666.0919
731.4106
764.4868
685.89026
1376.9651
1148.0454
2389.393
924.3382
1971.4778
1218.6298
729.034
1588.3522
1110.2529
2098.3494
594.3965
1131.709
1186.5194
759.218
606.75586
646.2593
1486.3992
802.58136
1120.5504
462.72897
508.5152
1556.9934
494.356
274.19006
892.12683
392.28488
1169.0781
182.12381
981.1005
864.1084
692.76886
662.6301
259.78516
558.0741
275.53787
1025.4524
663.8192
1027.1436
453.2741
635.1489
1650.9482
1182.1832
1199.388
573.9055
1100.6553
1230.4171
1039.6553
327.95782
1104.5396
326.91147
379.124
1042.9819
1432.3152
2264.5356
1488.5747
475.8217
307.4101
915.6863
735.57733
924.96844
435.20352
301.30273
767.41296
328.70755
1104.133
1231.6729
1163.1355
1147.2256
464.02106
830.4702
1286.7643
1586.9346
2152.369
797.5608
604.4381
1034.6586
700.2656
777.4652
447.59244
783.9781
1002.02124
787.73914
1045.7552
1550.4132
655.4197
573.01587
407.04712
1309.6226
537.70496
501.80267
1004.16125
945.80493
884.8531
1262.2554
1101.491
1463.6354
1000.3191
980.5106
619.3203
573.4458
597.15625
1608.3514
633.54553
1524.6752
1223.4282
1846.7948
441.09256
531.9065
935.66266
438.05
1654.0835
566.67596
611.5503
1014.6316
1213.0017
636.8106
965.7826
1489.9286
719.5691
948.94995
1831.194
692.51794
1182.71
223.26434
1117.7196
468.7358
1458.3881
545.8319
674.5906
1393.9646
888.8135
1477.296
1098.0704
1100.766
953.4842
654.8849
1191.8943
462.51544
1466.0747
1044.447
931.0826
340.65384
1006.6398
541.60583
464.09088
849.05597
843.3102
261.89816
1249.7375
1055.5917
1098.9553
398.71503
599.61383
589.9299
482.08624
965.9963
742.45557
1222.2079
388.54755
1546.302
239.78198
792.01184
742.88
609.7853
177.63992
754.3216
706.926
683.1809
275.54254
641.57806
786.45715
432.3672
275.8099
346.64575
740.7057
1055.0045
836.974
983.3191
1381.7284
1363.0209
730.2278
899.876
1386.5831
1109.291
905.2591
605.6684
986.30145
1329.2626
306.58838
601.06085
465.8025
2290.4646
1059.7594
1639.0515
656.2416
448.21582
1125.5752
1156.7456
653.4346
1056.9767
1115.8971
416.466
843.1582
582.9884
632.5304
322.73193
428.49457
782.56995
1434.5952
1104.5657
287.95523
608.17163
1262.2096
1178.2859
485.03418
393.06732
839.68805
581.41187
603.15704
1122.2051
1183.7489
160.87466
1202.0469
951.88635
1472.273
1014.90497
790.70105
1531.8254
1245.4968
1334.4471
677.1985
837.9685
763.2127
767.11804
1221.8628
1398.3835
1187.5024
1334.9371
1112.4349
1089.0261
527.48535
455.50607
1498.679
388.396
750.01514
656.88214
1209.9974
203.31508
689.8655
1736.7737
1340.5173
1195.3787
343.35037
1219.6144
475.4286
384.34756
1239.5967
1773.972
685.8075
992.98785
977.24506
2010.9496
1045.1267
1370.8536
658.34375
1303.4061
1434.2767
1231.2574
1251.5029
568.4213
1230.0326
1217.1641
1271.6239
1065.3231
1059.0038
1158.2765
857.75134
641.2645
449.93982
649.9623
826.0904
867.178
1320.651
671.53094
1153.9825
1012.42896
1124.1213
579.29553
705.53735
755.90045
512.9227
2304.9558
543.9187
1661.8126
2289.6455
688.65735
662.9539
2163.9246
1015.3905
766.11224
1989.4138
484.70947
858.4799
1066.0984
861.84344
233.45912
493.24615
1151.4869
2442.0942
462.3468
510.10876
1438.2943
1543.2305
633.6974
340.55203
1430.5198
1283.9971
933.8922
1141.0569
1247.9701
1447.3704
1151.7194
357.50964
1043.9995
1220.7217
233.77905
359.15808
337.54846
1459.3766
496.85992
968.11053
1000.2652
423.95056
1531.1838
404.67255
708.51355
1011.84937
1211.3798
1286.4662
1210.0024
794.8782
475.33984
720.98303
1434.0339
539.4938
467.87387
490.22986
1205.234
491.04785
1258.2996
803.5378
1072.8389
1227.4366
512.09546
1501.187
544.88885
318.4718
1247.5907
346.15027
1496.8302
799.3946
1457.737
362.5077
1058.7692
1211.2253
1020.4832
602.4879
1467.8105
1138.1371
1459.8265
1351.7576
1281.0085
350.40274
2201.9597
475.27213
473.70093
1220.572
834.5167
1120.2821
1682.6047
1068.0784
1402.9154
2138.6
1409.544
610.5282
1379.099
900.6824
460.50806
352.19583
838.37476
831.9868
1505.5825
1037.0829
534.51404
861.23016
586.70044
1149.0999
1113.8405
1035.7272
502.70197
410.6526
1047.3195
796.1957
434.79578
1318.1162
734.01263
422.10086
1315.5466
960.9506
847.2787
442.2267
854.4921
640.93604
439.17218
816.5356
934.8911
752.6772
2379.0015
820.40765
978.5735
1328.8022
1082.5526
537.2604
1159.4365
1099.4641
1274.2297
894.1974
329.20117
329.31702
1594.0745
1376.6536
1043.2263
936.6667
785.6267
1038.6355
1226.3267
1194.8157
1180.3431
1446.3254
514.5876
1195.6682
270.56693
830.3231
288.83142
472.18326
646.54663
1245.377
1208.3776
1428.7156
1148.0282
1342.132
388.11298
690.40924
864.96124
1164.7527
476.7484
1000.0727
948.8456
482.8986
1253.7507
1249.8116
2285.5725
499.39786
954.6717
372.98224
1291.4457
1201.0159
1168.5858
1519.6389
2259.6816
1440.9714
405.16165
1415.5447
522.7944
878.89825
470.88434
757.8001
1208.4648
772.36395
549.6267
891.85986
429.78864
1273.1084
2292.125
858.21265
2277.5166
1349.8848
1375.9766
551.3827
1374.2562
567.1963
478.13934
1308.0358
794.08905
529.406
282.18927
1237.3167
772.59863
617.13336
926.0769
257.1005
456.30417
1108.8303
305.02826
831.26746
1056.5215
1473.7628
976.7208
724.88763
321.63937
1342.7964
1936.2294
579.60016
1058.3306
1430.8096
391.33383
845.6388
195.42952
308.61914
971.25055
865.9192
1809.6355
1821.6719
1331.6699
586.7302
330.25183
613.07574
867.49854
1054.8926
472.2819
388.30402
346.46872
1034.8369
542.98175
1167.0911
1444.2903
707.8051
662.4047
791.0423
1093.4967
404.40903
667.8666
949.07605
1507.7737
303.51657
1475.9973
1288.9824
1360.7484
530.893
1258.4749
1265.0261
1205.4648
93.45647
728.33777
464.0921
674.1238
544.2964
1065.6549
1370.3721
1538.0337
509.09308
735.58185
836.046
506.31567
2497.2803
562.9624
643.6132
628.6803
876.4653
401.36792
708.0923
700.77014
833.0424
561.2529
1049.062
248.52406
822.82654
997.59314
482.1444
418.61963
1085.5619
709.21063
1145.4965
1552.6304
1801.1298
531.6874
553.6449
917.0033
720.13885
866.0579
1183.3173
2094.612
1792.98
2397.6497
645.92224
908.55927
1031.525
901.8629
437.1347
964.406
624.2911
821.91693
586.25903
662.26
308.73483
910.5254
522.48975
1275.1729
972.68933
1495.866
298.7622
938.65076
696.40186
757.72485
1126.3193
1246.0449
1444.395
1194.6248
1027.1299
1197.4087
1428.1255
1133.4043
1186.7192
863.9567
1103.0806
1087.9285
790.28357
383.62225
1244.5905
736.2444
617.3287
1023.17285
1262.5226
349.4435
590.37823
1433.9336
447.85864
1487.1677
501.6385
1616.4836
959.61523
1303.7272
2215.6848
514.34564
1602.7119
814.5775
1649.054
2077.5327
1214.4073
940.17944
481.53543
472.68225
1260.1824
360.007
2283.058
483.13397
585.29
834.294
958.1421
611.83105
529.8003
367.12653
1265.2933
1204.6545
383.4439
1588.1433
1321.791
106.07902
597.98706
1012.8624
2465.6675
297.31506
823.1991
1480.0056
542.0244
1226.3176
1261.6205
2341.8364
2295.6824
1233.0554
666.68066
706.6221
1416.8844
564.89294
1168.2634
1066.303
1303.6207
527.4354
1144.8938
1500.5171
948.6605
1149.6516
473.22174
404.12378
715.248
1003.1365
251.6696
1486.6704
875.81287
734.1792
700.9194
1587.626
702.1612
241.60663
677.9623
154.71689
462.93768
333.98962
1023.47986
997.5254
378.87445
715.5438
1017.1538
360.85562
1477.2153
558.3476
883.66296
882.0908
693.47876
323.62473
1194.6094
1070.5938
462.4283
744.6864
694.24774
1123.3024
916.75555
1332.8927
811.75836
1190.0492
326.3602
971.992
990.4467
214.92743
830.0945
609.0345
443.70105
1472.6633
1429.3834
416.54803
1230.7828
1284.5011
845.11475
955.49036
1063.4899
582.98
557.5802
440.8769
1382.7793
762.7041
671.461
638.7218
1521.6299
630.3625
522.4176
924.907
986.47595
278.8111
1088.0363
1249.2471
1049.7097
1585.38
1361.7738
1510.7847
317.16208
1084.7565
383.07233
461.92865
1223.7191
1347.6339
673.76025
642.05896
488.0785
1756.4666
949.54626
590.4866
490.94733
938.7848
1385.3862
718.7014
1147.7593
406.7514
633.3468
401.62927
301.50137
730.4309
1437.2865
394.21176
390.91632
1237.4375
599.56506
426.06647
650.5991
676.7149
1025.5831
1075.9995
1143.316
2158.6807
420.84738
1589.3453
946.8106
472.53958
1214.2334
1193.8506
695.13574
354.49283
1217.0378
1162.3591
1107.7394
543.6001
467.5682
328.91595
948.7434
449.9462
1216.7507
474.51038
790.1382
768.37317
1617.0122
1069.1969
485.52136
1038.6099
1549.1277
1481.4896
1907.123
1584.0544
1195.7766
998.8164
160.6586
1432.1194
351.12616
1172.9905
1321.3611
645.8716
910.0299
725.905
534.23755
1036.522
2083.263
388.46066
625.5593
1149.3947
1026.4241
1631.2031
1310.8594
748.4512
876.6481
270.53186
465.40228
1190.764
861.8067
970.77026
1208.9125
1738.3389
1141.426
319.7613
237.53479
1318.9298
850.3341
596.95276
1235.0546
301.38687
815.03217
1358.9943
762.2493
376.9162
1349.0059
452.24985
1000.28595
1013.1073
1302.4666
1087.4727
718.50964
897.56445
1641.3049
1088.4353
899.47534
2366.2036
261.42746
580.68536
424.48383
693.1129
2212.913
1070.1356
1288.3511
1303.526
1574.8839
1864.9873
699.94226
1249.8448
1367.5125
883.2123
1127.8032
290.3096
218.84708
708.06396
1194.0044
2286.3755
1068.9387
2258.3037
701.7554
1101.7651
1406.4673
1540.3021
514.4168
1132.6616
979.7944
1000.0547
1169.0878
200.5601
343.56006
985.02295
868.103
546.1539
677.79205
1108.7637
1645.0673
1013.9639
655.7517
1166.1069
248.73344
1206.7445
723.7679
1447.1924
278.9575
1177.1493
507.40186
469.6153
513.80237
1242.474
596.37494
1167.2362
1008.27954
1310.3923
1114.9487
1623.6694
795.8268
560.74506
685.64154
1599.937
788.07874
1087.8145
270.58868
136.15614
1153.0557
1115.2565
589.4844
605.37976
928.0661
1331.8665
261.412
755.1421
609.379
614.9496
955.5553
516.34686
1018.8367
1685.7223
1286.2029
422.6148
392.10956
627.7133
1273.3347
1298.3641
299.9575
1523.9788
1234.8926
1334.8457
1136.6335
1167.9473
1044.4727
331.54608
527.7639
494.3466
523.1085
1018.69885
1156.406
603.7506
764.736
1173.2083
772.9268
2399.9734
550.06757
589.79987
540.8116
1507.16
1163.9689
843.96277
343.2002
1267.0431
732.00256
2078.1218
956.2504
483.25363
1197.7155
810.12823
581.4659
1516.1049
847.0542
718.19604
534.9868
1010.7636
1387.3748
1429.6261
858.6112
511.60352
655.4225
1065.2717
1015.0397
725.7129
390.94006
1995.5085
1019.602
1194.7507
1094.5881
270.72122
989.24194
406.80115
358.38715
1115.3176
557.14404
91.68912
674.0869
1488.5592
559.00146
435.48358
2413.0825
1092.0365
651.57294
1856.6646
588.4428
1091.5736
1345.1771
1023.9368
249.11707
899.25916
865.1446
855.6181
1202.2136
580.05084
669.524
1616.2986
1044.1676
909.9867
1156.1992
1670.9965
2377.5186
1379.9473
1245.5941
1210.488
958.67084
889.02637
1024.1978
536.82153
407.42767
900.009
720.8967
211.98996
988.7291
1092.7456
511.11804
1209.8715
1196.2927
833.2175
689.0549
436.44092
803.1549
818.8884
1144.838
729.5664
1176.9144
943.7555
868.4907
1236.8547
459.09113
1290.4758
1317.5703
421.34442
2249.0906
810.70667
716.7711
437.24536
1008.4105
777.78687
301.88422
543.79407
970.0985
1596.1194
1503.2759
974.41406
2138.59
599.7189
553.32654
1419.1447
2320.648
370.3101
2058.5571
1918.0935
454.09912
390.91998
1573.5011
657.1534
1399.7258
1060.1741
1529.8241
1407.5839
1545.5581
1131.9216
975.23694
919.3509
1472.852
500.11124
528.4248
548.77637
1350.5399
525.7052
927.9488
395.76672
723.31
1014.2052
620.5919
245.02992
1274.0183
1074.0629
1051.3818
1531.6875
580.1653
1365.1622
496.82812
628.1615
371.5167
686.791
434.97214
865.31274
502.79834
843.60913
1084.9973
1359.846
871.2073
2152.064
1144.51
1227.9657
1252.2449
427.8872
336.7409
490.63742
647.5801
624.7671
249.08203
1306.0973
1544.0216
632.4021
520.15826
1229.6049
1460.6771
1171.2992
553.6643
1042.9138
475.7389
1547.5223
1163.3635
476.3784
228.9821
1222.545
453.23645
1505.974
1238.2936
1424.9714
668.8914
256.3872
862.7031
1095.7214
1272.6654
848.6356
535.39075
637.9046
1204.8475
944.56433
1431.3013
1029.9126
426.0754
812.94055
655.6429
785.7792
1082.8038
742.6663
1103.5388
546.47723
507.50482
945.66345
616.0287
1317.2296
770.01245
1588.9286
1391.1135
740.194
324.12482
1306.6394
423.83234
945.7165
438.40363
888.6443
245.34366
778.06586
541.72876
912.8648
697.5239
1444.5809
1590.1311
252.54016
1103.9365
1249.3452
955.0308
529.75183
1034.9021
1518.1019
616.4465
443.79434
1012.78436
2239.9297
1890.7346
621.23895
820.2007
651.6533
771.9562
1214.363
603.069
1137.4283
1837.5583
1143.4261
1417.9377
497.98807
537.79755
892.6525
776.40845
638.1315
1358.3097
377.58063
760.5206
1493.201
765.6527
429.7485
1480.747
1489.2959
368.08783
1158.1841
848.96045
1226.8799
394.20062
1415.5995
591.96747
540.1271
1124.1393
998.6029
1008.7445
1300.5371
415.2254
588.67017
1387.7319
1024.0244
1253.7393
529.6373
432.00418
1436.3357
1745.092
1749.2051
785.92737
126.54143
319.72177
918.68115
444.48843
386.5301
1052.27
766.58594
484.03232
195.61342
741.89307
591.49646
1291.1263
1099.6311
1212.067
1266.0222
453.4997
1251.7441
977.3331
1174.001
1130.3744
1130.23
1289.1779
721.49396
605.06274
897.1083
320.97437
2011.0132
248.60796
1010.772
1192.8682
1226.4237
1136.1873
1258.1458
1003.292
963.04663
1328.5071
1098.2363
1078.457
607.09326
495.3391
1281.4664
526.9259
1169.3724
1103.4272
1020.4291
543.1724
400.05685
388.86768
1018.6886
645.2025
1276.6317
1232.8644
1880.375
1022.3238
814.6659
641.89874
580.41406
551.4619
1086.9131
1147.5718
915.00256
1839.5447
912.11676
1718.6188
2337.5
537.131
419.3034
860.9528
647.68567
683.5099
1044.0485
1468.4445
1288.2795
600.96454
860.69934
693.9413
592.2778
1445.4724
1571.2317
1077.8884
1225.6216
644.27295
584.2584
341.86823
1329.8568
