1289.6134
1023.67755
902.8822
1193.801
593.4411
1288.1278
1129.2622
237.8264
1233.1611
723.0122
461.1383
882.0394
366.70557
1379.1852
1268.126
993.11456
1348.8259
1186.932
1527.7552
373.2124
2253.4128
1164.8201
368.31784
818.8026
535.8345
423.72137
1437.4229
1325.5852
861.85535
1158.1221
543.5509
463.33063
400.42007
458.5064
1378.8606
328.63995
1063.3169
582.4111
2113.4182
506.5088
787.79846
1513.5095
599.1957
384.20715
330.90823
449.42786
1177.3331
729.02856
561.8148
276.56863
659.55383
1464.5447
940.637
1319.2603
929.75934
798.1167
674.35156
1183.8041
485.56866
657.8915
1242.2769
338.88586
302.92673
1137.6179
1486.839
1145.7025
399.39795
1072.8943
608.41144
1276.8569
1162.9878
770.23047
1176.8694
1227.3225
915.1914
898.3002
771.1802
1095.4108
489.54065
1316.9432
821.67163
1331.2703
222.59181
1159.5889
757.00037
1045.3615
879.54956
1115.6055
1009.6841
1117.4731
1354.3074
844.3468
1239.1917
2418.541
694.4254
1321.0558
609.69055
1165.4038
658.12933
700.8575
1449.7611
1103.0077
1206.5479
385.85324
1045.8757
1354.4916
834.60077
740.0576
2260.8406
2382.6697
1429.3011
498.92035
796.10156
280.1461
554.6925
400.46185
2306.2861
1089.2765
1344.1116
672.92346
362.94806
750.9458
1204.7084
1364.0747
1337.287
1049.7516
391.12903
554.5479
2309.0256
856.45605
666.88104
469.2353
1025.1923
2061.7368
1226.9227
190.79149
1150.5154
614.9062
858.905
1015.53436
1328.925
1389.4906
479.49402
758.3796
816.574
513.6688
838.38104
1118.6412
363.83325
1285.9241
2331.9885
920.4468
984.9571
409.87445
742.9443
1089.4792
1178.7809
1420.6332
902.7427
305.90927
1082.2944
1356.5479
785.87415
1078.9835
1103.4924
847.0167
2390.3435
1478.96
849.67346
727.25165
855.58997
367.10822
568.7945
553.67145
486.83148
1547.3923
1202.1592
506.964
1205.0618
806.81744
1497.739
577.4655
2551.884
405.1038
2312.05
1952.2972
1519.2854
2357.8955
410.3247
1391.8899
853.30304
574.44073
1381.012
1051.8177
214.906
356.87552
872.9193
356.98532
700.96246
1525.3267
1015.58203
1161.739
1196.6979
596.2604
302.51904
779.9138
626.9774
502.46857
387.92477
1073.7426
899.70105
559.5843
422.76868
2246.5967
1434.688
797.3729
410.6153
645.82263
1070.7834
691.8496
2191.5059
607.62823
2227.6436
246.24219
1305.8257
1254.2786
2208.8547
1427.9822
524.6875
421.7645
1088.133
210.13501
572.62695
1185.8572
1184.1189
1101.3896
768.4761
1099.0732
2364.6025
943.55945
1119.0967
194.68451
2550.2031
1123.835
932.2931
700.85547
1360.1995
1084.3865
920.81244
1280.4271
1407.9562
821.9403
754.6671
551.7091
1205.6405
1033.6729
1455.9567
1502.3168
1381.2474
1062.591
1405.9237
1437.526
681.3987
409.48077
936.16455
1017.5405
1340.8049
1019.19855
837.12085
847.2457
1101.1951
1614.8044
645.6506
1127.6796
543.14374
1330.5066
544.40576
1292.0056
1127.7107
1625.7085
420.88925
1133.4792
1240.3478
502.6126
515.2278
1129.3091
525.8083
234.6506
812.2196
1155.7473
1752.7682
1372.8469
1011.79236
1125.1855
362.2711
1198.3933
1275.0713
2262.794
685.0777
254.9886
1023.3098
1367.8242
268.0992
443.63083
1071.2129
1405.8723
760.41235
424.67136
347.18405
1358.8212
1595.352
673.6659
559.1714
2456.2283
980.93616
966.4184
1163.694
858.4639
340.56775
347.0985
838.1155
1139.9016
976.2563
935.23175
340.91724
2437.918
598.2715
380.31067
1322.8181
905.88025
318.03583
1083.831
1521.7512
430.20108
1176.5405
1085.1979
1603.0051
960.76526
968.2518
925.9303
430.35986
1163.1056
1001.6633
355.09003
1111.8661
1327.1005
317.71533
609.5132
666.4248
910.89624
497.40067
599.5446
509.12903
619.0182
145.27884
396.82803
308.78958
745.9072
743.68854
615.49854
696.45593
373.65234
1401.3333
814.9559
265.86523
732.8833
1581.6145
1110.6176
1386.3821
475.42624
304.152
1063.592
938.076
987.5029
1276.4896
1121.688
507.09424
1336.9609
153.90555
388.42566
1732.7368
776.6227
494.79892
210.06096
1431.5596
490.76086
854.3972
1220.4233
857.7675
1075.9802
570.9872
524.33093
1000.4249
1099.8416
723.7394
1030.9094
1634.5411
1072.298
870.71173
1000.75854
625.16376
1505.1503
908.7874
1493.5332
738.27734
423.8753
1320.0487
672.15955
954.2792
493.2393
335.90405
989.3724
808.3671
591.4597
1583.355
387.2773
991.21606
936.6413
451.40955
751.1172
780.8591
467.26822
388.96356
810.876
1470.6692
222.22534
1016.32983
466.71887
1046.8445
906.91327
819.453
1061.4253
956.7072
1147.1995
1093.2114
859.2914
553.6731
717.522
1520.9795
1768.5767
880.0908
1326.9384
1067.9519
619.20044
539.75006
1371.8745
1392.4486
841.9712
1373.4938
1314.1155
464.2199
748.80994
1388.5505
530.92316
928.2421
1232.3103
1220.5366
632.0255
1227.5536
489.73224
563.0089
1145.9133
624.8301
1204.6173
779.52704
1192.2529
390.85004
980.3666
1138.3083
1183.3668
688.5488
1331.2072
1079.392
1418.0575
1022.9193
1207.511
426.82578
675.2312
471.54013
697.4824
448.49823
1276.5262
898.7414
1636.6498
594.27374
574.93506
718.9674
1250.134
1243.8889
832.94727
2143.9922
588.57117
392.43463
758.35254
1150.1553
1163.0763
814.35913
436.83517
1203.1887
651.75586
602.0788
1265.9661
1288.7983
987.1502
1437.6907
1130.5134
457.48212
457.8291
747.9558
958.63806
1270.867
1318.3364
493.3523
177.66667
452.74945
352.24564
1002.3976
1479.252
338.2618
717.8915
820.71497
471.82834
1598.5181
856.5811
760.60596
1127.261
1560.8455
417.80536
1146.8658
1114.8893
1266.2551
620.4861
786.0582
415.3022
325.19122
382.65173
740.8186
1397.3501
564.2713
750.1227
734.1327
645.24524
1039.4772
2182.3506
692.9612
1097.1504
940.7676
2383.948
497.6341
1465.3191
1447.7834
756.1742
1124.0437
974.5033
972.9602
1288.9705
1059.2295
719.3081
2214.169
569.279
380.50845
1082.8442
569.05725
658.4458
1746.2607
1550.3872
1316.9799
304.92432
1101.0813
252.77075
766.2943
1029.6243
1208.6971
664.38574
757.89905
886.5576
384.54492
327.13452
1192.4617
730.6553
430.89163
1458.2391
1072.7814
1427.592
890.6849
677.05115
157.02446
633.8476
1508.115
322.62677
368.32385
495.85385
573.77905
977.5979
1055.0854
684.8602
1295.6646
1165.0432
155.1624
1001.59906
554.49146
1136.611
635.5913
1242.7383
1090.1648
1343.7589
1141.9474
454.0467
796.0939
712.19946
1300.5244
1333.7737
380.04962
1729.386
348.68494
572.8991
1190.0387
902.804
208.32483
810.08325
668.61615
1300.8772
535.0355
689.24506
1539.0612
1210.1427
203.26723
1211.0984
828.83984
1277.0331
519.23346
1045.3268
1284.1348
1276.6345
342.8671
1115.7463
1658.2549
566.2212
1192.383
667.97906
734.0378
766.454
687.34717
1377.3303
1150.8295
2391.6167
925.40173
1971.4834
1220.0605
730.4459
1592.4578
1110.5739
2101.3357
596.3086
1131.8281
1187.0869
759.49115
607.95715
648.7521
1488.7728
803.24493
1120.867
464.7856
509.89468
1556.7815
495.6247
275.39285
893.4938
393.59427
1171.8105
185.81358
984.1852
867.3546
695.9963
664.8296
263.03748
561.1242
278.41278
1025.4336
665.1453
1029.446
456.78882
637.93195
1654.1672
1185.2463
1201.0782
577.9553
1101.8209
1230.9381
1041.1692
330.63126
1108.2417
329.8945
380.5293
1044.5917
1432.8523
2266.0688
1491.6752
477.5338
309.10156
915.95215
737.8727
927.76215
435.51703
304.24298
770.63446
330.76526
1104.7211
1232.3665
1164.1224
1147.2377
466.36652
832.2345
1288.1343
1587.5625
2152.0513
797.8458
607.6785
1034.3232
703.2157
780.9815
449.05103
785.8113
1004.1885
790.29224
1046.0161
1550.203
657.755
575.92224
410.29138
1310.7734
539.876
504.01605
1007.6962
947.89246
887.23706
1264.2832
1101.8129
1466.4685
1003.0396
980.7894
619.4453
576.15466
598.65393
1613.2722
634.0151
1526.9962
1223.5763
1851.6918
442.425
534.7118
937.7777
438.26233
1654.0219
568.72815
612.811
1015.94464
1213.6974
637.4404
967.85846
1490.3506
721.1937
951.9173
1833.9
694.20984
1182.8408
226.46353
1120.1936
471.7529
1458.7009
549.0184
675.4667
1394.5033
890.1329
1478.9485
1100.2622
1101.7428
956.36566
656.88855
1192.0701
464.70428
1468.2438
1046.74
933.69666
341.31918
1008.3624
544.60345
465.60468
853.3351
843.48145
265.1765
1251.507
1054.7188
1102.221
401.2505
602.21405
592.1185
485.44305
967.8455
745.10486
1224.7363
391.7725
1547.1898
241.18582
792.56287
745.3198
612.0477
180.59023
755.8286
710.2094
685.31494
277.71393
644.045
786.8405
435.0959
277.7582
349.99713
742.4018
1057.7424
839.187
986.35333
1383.8204
1363.8887
732.6508
900.2739
1387.1869
1112.752
908.1317
607.4175
986.9206
1329.9791
307.91217
604.5899
468.2991
2291.0088
1060.2869
1639.6414
659.5138
450.67853
1126.9987
1157.4427
655.73157
1057.4578
1119.3286
419.3772
844.0445
585.4452
635.0103
325.25223
431.45056
784.86487
1435.169
1108.3916
291.20248
608.44336
1265.759
1179.1552
489.07562
395.75888
840.1289
583.3638
605.429
1122.2319
1183.9335
163.96196
1203.474
955.40967
1472.304
1017.56323
793.28424
1533.1625
1245.311
1336.3307
679.2334
839.86945
766.3979
769.8371
1221.3303
1401.8242
1188.0739
1336.3324
1115.0359
1088.8787
530.36694
457.8983
1500.6692
391.21802
750.60876
658.3976
1210.0652
206.504
693.09045
1740.1819
1340.6433
1196.7981
346.608
1219.5494
475.67816
386.81326
1243.0549
1775.2124
685.5324
995.46936
978.0415
2011.5747
1047.1672
1371.1292
660.9335
1306.4564
1430.4478
1231.407
1251.645
571.0524
1230.4551
1220.7732
1272.2627
1066.711
1060.2777
1157.5652
858.7731
642.12866
452.4298
650.32605
827.5337
869.85254
1322.6519
674.3001
1154.2461
1015.9531
1126.9856
581.94226
705.94855
758.6638
516.1214
2305.1758
547.6015
1662.0066
2291.3245
689.337
666.26227
2164.7869
1017.3771
766.2584
1988.1658
485.68134
860.7348
1067.6382
864.666
235.36057
494.85782
1152.5845
2442.437
463.09586
513.1496
1437.7219
1543.873
635.33264
341.63623
1430.6733
1283.6595
935.0509
1143.3369
1249.204
1447.6085
1151.968
357.80814
1045.7515
1222.1439
236.64264
360.59396
338.1568
1459.6542
499.9999
970.6435
1000.59045
428.1563
1532.5673
407.4912
711.76843
1015.4296
1211.1549
1288.8842
1213.3456
796.5905
477.69226
723.8899
1433.8494
539.5257
468.59958
493.22836
1209.0476
493.43088
1259.9125
806.19324
1072.5583
1227.8416
514.9716
1502.741
545.6687
322.28546
1248.5835
347.77298
1496.8134
802.81195
1459.5227
364.59836
1059.0521
1211.1943
1021.6088
603.10126
1471.28
1138.3535
1461.1503
1354.0685
1282.0408
352.1201
2201.6577
475.414
475.22092
1223.0603
837.70575
1121.8567
1682.7058
1068.5054
1403.5718
2139.3477
1410.023
612.3916
1379.0905
904.3296
463.83316
354.29135
841.2986
835.67993
1506.6729
1039.2205
534.9364
864.5332
587.89246
1149.757
1114.089
1035.8734
504.90445
412.3503
1049.2402
798.88617
436.90152
1318.3456
737.7108
422.83304
1316.601
962.8161
849.56494
445.61203
856.30505
643.82837
442.87082
818.5541
935.372
754.82166
2377.7239
821.10455
981.48865
1331.281
1082.4099
539.01404
1161.4604
1099.7511
1273.5485
896.5255
331.15878
332.5362
1593.3364
1380.1475
1043.879
939.8096
788.7447
1042.0356
1226.3196
1197.4382
1181.0675
1449.0237
515.8145
1197.1025
273.0001
832.66235
291.2361
473.9045
650.00183
1245.916
1208.3048
1429.4474
1148.0526
1343.5815
391.04187
692.7905
864.84546
1164.7764
479.78226
1003.60315
949.4324
485.98068
1255.342
1251.8959
2289.6147
500.92374
957.5473
373.30743
1291.6615
1202.9039
1169.4222
1519.4034
2260.5122
1442.9679
406.54852
1415.1567
524.07153
880.14777
471.88818
762.02734
1208.7114
775.5906
551.5084
895.3317
430.6457
1273.0645
2295.3074
859.7411
2278.3013
1350.2185
1376.242
555.6159
1377.1931
567.71515
480.52502
1308.5869
794.1148
529.7214
283.60034
1240.2014
774.80176
621.0118
926.9241
259.58136
458.78036
1108.3556
307.95157
834.4803
1057.1611
1476.5471
979.7436
725.4691
325.1696
1342.7185
1935.2533
581.78015
1060.6606
1431.6172
395.22238
847.36035
197.26082
311.64948
970.9208
868.6791
1810.8552
1821.9471
1331.5442
589.3272
332.86243
614.073
870.3618
1056.7577
474.2038
389.69336
348.41058
1036.4379
544.796
1167.1686
1444.0696
710.032
664.16626
791.95636
1093.866
405.737
670.2182
950.02405
1510.1306
305.05386
1475.5321
1291.5199
1362.9752
532.729
1259.0651
1265.1033
1208.6785
95.6301
730.967
467.40732
677.9061
545.1139
1066.1014
1371.9326
1540.4446
511.26404
737.1196
836.57043
508.36023
2499.568
563.58887
646.03735
631.09973
877.0901
404.20544
710.1879
702.58044
835.0781
564.9547
1050.2104
251.70528
825.3575
998.9835
484.70068
422.1386
1087.8119
711.97644
1145.6742
1555.5072
1805.9392
534.0962
556.9395
917.4275
721.4717
869.41174
1184.709
2093.3743
1795.9343
2400.2437
646.0315
910.53076
1032.9609
904.77747
440.0893
966.9502
624.88495
824.6854
587.9584
663.94037
312.38574
913.52795
526.8635
1275.3771
973.06604
1495.8059
301.25873
939.7964
696.61676
758.1468
1128.3661
1246.7732
1444.4304
1195.9518
1029.6011
1199.8555
1429.0172
1136.5577
1186.8088
864.2904
1103.691
1089.2949
790.9402
385.82928
1245.4983
738.1421
619.9206
1024.1041
1262.6709
352.06317
593.33344
1433.6576
451.60883
1487.5435
504.6562
1616.9856
962.3705
1304.4507
2216.0156
517.07074
1604.1499
817.0491
1652.3884
2078.3667
1215.6958
942.77826
483.6931
472.8224
1260.9098
360.3833
2283.7502
484.78018
589.0275
834.6312
959.7628
613.96936
529.9737
369.26355
1266.0371
1205.8081
384.37164
1588.8198
1324.5522
108.570724
599.99713
1013.4024
2467.6694
300.73618
826.2756
1482.4385
543.4168
1227.1401
1264.2332
2344.45
2297.3901
1233.3665
669.1345
708.4921
1414.74
567.1473
1168.5887
1066.7362
1303.7249
528.2109
1144.8027
1502.1146
949.1294
1150.8984
476.52618
407.90433
718.35046
1005.2709
253.52399
1487.1964
879.3795
736.9017
701.9353
1590.8772
702.37305
244.23131
680.8083
156.93904
465.06473
337.27872
1025.1438
997.68164
380.88208
716.58374
1017.9981
363.50858
1477.8188
559.90814
885.04486
884.57477
695.29095
327.3737
1197.268
1070.2817
464.6531
747.1891
696.40924
1124.9956
919.9026
1334.0472
813.7068
1190.3436
327.63666
973.13385
993.1089
217.9534
830.7822
610.3391
446.03458
1472.7896
1431.2661
419.82266
1231.0436
1286.7043
845.6902
959.1081
1062.5717
585.76324
558.2588
443.9937
1382.06
764.6497
671.62756
640.6951
1521.7393
630.6227
523.0958
927.6307
985.46326
282.2161
1090.3835
1250.4766
1049.8557
1587.6256
1363.9668
1511.7454
319.14938
1088.3936
385.498
464.8399
1222.8667
1349.935
677.7077
644.5001
490.41156
1757.0181
951.6565
593.01733
491.51337
941.84766
1386.1052
719.01196
1147.5813
408.55975
637.7284
402.87357
303.15158
732.4232
1438.7224
396.99152
394.98505
1238.6997
600.1794
429.05115
652.1507
678.3042
1027.5166
1075.2488
1143.2311
2153.5083
423.11026
1589.7317
948.3436
473.29575
1214.5405
1194.6802
699.5559
357.06357
1220.7542
1163.1486
1108.9487
546.60345
469.86572
329.43427
949.5221
453.49622
1217.0328
477.0638
793.0086
771.5383
1617.7832
1069.869
488.28
1038.7435
1553.0171
1481.6626
1909.6256
1586.801
1198.9697
998.9671
163.40225
1434.2059
352.9931
1175.3643
1321.25
647.98004
910.5418
726.5098
535.99927
1036.8217
2082.665
390.16
629.47845
1153.4092
1028.751
1634.0533
1310.8555
751.35565
879.3683
273.08282
469.22903
1191.0315
864.61224
971.24854
1211.7119
1738.7537
1142.7913
321.83838
240.38297
1320.9185
853.0359
600.23645
1235.3418
303.09625
817.692
1361.8618
765.17444
378.51328
1349.3416
454.52597
1003.5548
1016.2187
1304.6472
1089.9136
719.81055
899.0309
1644.6477
1089.967
902.7096
2366.0679
263.2547
582.97534
425.72
695.1166
2212.3494
1073.776
1289.5787
1303.5778
1577.0364
1867.7742
702.6831
1251.5526
1367.5554
886.4216
1127.1299
295.35577
221.60745
710.3339
1196.4742
2288.39
1069.3059
2257.832
705.1745
1102.3093
1406.8267
1543.0317
517.25476
1132.5479
980.64746
1003.354
1170.8191
204.09738
344.5258
988.8039
868.5974
547.53906
679.54456
1108.664
1645.4214
1016.26776
659.0673
1168.1548
252.19794
1208.3126
727.467
1447.5103
279.30115
1178.9644
509.08417
470.04297
516.0779
1246.2593
597.9701
1167.348
1009.8149
1313.1859
1115.3536
1626.3582
798.7603
561.33594
688.33795
1600.1019
790.37134
1088.0798
270.67206
138.9777
1154.0748
1118.9386
590.87976
608.646
929.938
1331.8428
262.60022
758.10144
610.8471
617.9834
958.1848
519.1262
1020.4176
1686.4302
1286.6431
424.67664
394.35495
628.27124
1275.4233
1300.7479
302.70483
1526.2959
1237.6036
1334.7098
1139.7991
1169.7546
1044.1855
333.25372
528.1459
497.8641
526.2628
1019.1183
1159.5978
606.6492
767.13525
1174.7289
775.6571
2402.6133
552.3395
592.8048
543.8091
1504.443
1164.1816
845.5269
345.2182
1267.73
733.8347
2080.2954
957.3485
484.91486
1197.7411
810.97455
583.3059
1519.984
847.90546
718.5151
538.08264
1011.0786
1389.541
1432.0242
861.51495
513.1058
657.64575
1065.6393
1017.5272
729.2582
393.59576
1994.3678
1023.2106
1194.7812
1097.4686
273.11774
988.90375
410.7783
359.85632
1116.6147
557.38196
95.071075
674.38336
1489.1007
559.4552
438.30176
2416.0752
1093.5139
653.3946
1857.8604
590.485
1091.9014
1347.9729
1025.5586
249.90027
901.57544
866.09143
857.6996
1202.6865
580.72644
671.2705
1620.0457
1048.3422
912.1531
1159.4397
1674.1294
2377.8726
1382.2048
1245.7319
1210.739
961.96625
892.32806
1024.5828
538.9978
409.2171
902.7096
723.19336
214.41328
988.9812
1093.83
513.1516
1211.5377
1197.4109
836.3955
692.17096
438.6598
803.4303
822.2523
1144.9519
731.8883
1180.0311
945.8739
868.7457
1237.0447
461.95038
1291.5107
1319.9218
423.89584
2246.2092
811.9751
719.6614
439.5851
1008.91504
778.0891
302.27597
545.849
970.73267
1599.0723
1505.8993
977.795
2140.953
601.70154
555.35443
1419.9548
2321.4849
371.8934
2058.6526
1920.1743
456.0105
393.23227
1574.0967
657.2631
1402.3818
1062.1855
1529.9507
1408.3308
1549.8289
1132.7601
977.05133
919.94684
1473.4801
500.3772
529.64886
551.4121
1351.4534
527.5712
931.13586
398.768
725.85376
1016.61664
621.134
247.28696
1276.8599
1073.6837
1052.3113
1532.1693
583.08234
1365.1727
499.1135
632.4957
375.70776
691.2427
436.75366
868.48114
504.7063
844.1363
1084.8374
1361.792
873.4818
2152.5847
1145.4138
1228.4294
1252.8375
429.59232
338.91635
492.66357
648.05475
627.2571
251.81282
1306.1107
1546.6323
633.9105
522.41174
1229.9111
1462.0614
1171.712
557.1006
1042.9962
477.70383
1548.3604
1163.1617
478.0449
231.89825
1222.7932
453.2031
1504.5278
1239.05
1425.1365
672.68384
256.93613
863.9644
1095.6992
1275.9419
850.99634
538.31226
641.9158
1204.4647
944.68604
1433.9164
1030.8633
427.9493
814.0875
656.15466
786.6041
1085.3501
745.4321
1104.2375
546.55005
509.0204
948.94543
617.50854
1319.5754
772.6592
1590.3424
1393.5198
741.8412
327.3775
1307.3207
424.90985
948.05914
439.0647
891.437
247.01875
781.1206
545.71954
915.6551
698.6169
1445.9387
1593.641
253.36758
1104.8391
1249.4354
958.11426
531.83167
1034.9692
1519.0698
617.8209
444.05676
1014.95557
2239.4
1890.2089
623.6246
823.7195
653.96564
775.7189
1217.1827
603.58636
1137.5884
1840.4043
1144.9661
1417.8262
501.72473
539.3082
894.6825
779.0888
639.53516
1358.9229
379.90695
762.52405
1493.2435
768.9954
431.75912
1480.6873
1491.8839
371.0172
1157.7368
850.9585
1229.3934
395.5741
1417.1067
592.9928
543.3309
1125.7538
998.6897
1009.7738
1303.2908
418.5119
591.55566
1389.2806
1027.1208
1257.2948
531.4954
434.58545
1436.9005
1745.7224
1749.5569
788.76733
130.01057
321.45584
919.15686
446.052
389.15106
1055.2024
769.5646
487.52588
197.67017
743.6035
593.1955
1291.0703
1102.6445
1213.5684
1267.3516
454.9947
1251.896
980.1929
1174.3302
1132.3323
1130.0986
1290.627
722.5451
606.90845
897.6875
324.03183
2011.335
249.77808
1012.3319
1192.9441
1225.8798
1135.9761
1258.4596
1006.13324
965.4223
1328.3375
1101.5946
1080.5605
608.38525
496.14044
1285.2319
529.3233
1172.1996
1106.6349
1023.5533
544.87024
401.485
391.68802
1019.2375
647.7471
1276.3643
1233.7422
1881.2795
1024.8488
817.63025
643.1729
580.48425
552.79016
1087.4564
1148.2288
915.9207
1840.5841
913.5481
1722.261
2337.709
538.7169
423.359
862.24243
649.9689
684.91064
1045.6503
1471.6157
1288.7852
601.7867
861.0371
694.8802
595.3945
1445.7087
1574.0454
1080.1968
1226.522
647.56024
587.87103
344.7508
1330.4237
