1288.0944
1022.4172
902.56433
1193.4336
593.1118
1286.0342
1129.1284
236.22775
1231.7076
719.2356
458.10403
879.5942
365.38757
1379.3408
1266.5598
992.99695
1348.7413
1184.5044
1526.1278
371.55774
2252.5315
1162.3262
365.407
817.1796
534.7448
422.6659
1437.3196
1324.8193
859.64526
1155.9714
541.914
462.7586
398.83887
457.90747
1376.483
326.03818
1061.3213
582.1156
2113.519
504.1046
785.10803
1513.4807
596.9915
382.23077
328.99496
446.5652
1175.6177
728.85956
561.5651
274.95233
656.97974
1463.3938
938.27905
1316.9939
928.11505
795.89264
672.2604
1183.6108
483.87927
654.7881
1239.8729
337.3486
302.55197
1135.8741
1486.2355
1145.0986
397.34247
1070.8059
605.67285
1275.9982
1162.8838
767.5012
1175.5134
1225.1031
913.6113
897.9613
769.43555
1094.3038
489.14832
1315.0397
818.38806
1328.1771
220.2297
1159.0752
754.6159
1043.1661
876.97266
1114.7876
1007.8215
1115.5459
1353.8085
844.176
1238.2745
2419.0496
691.5453
1319.0387
608.3369
1164.0376
657.0913
699.05615
1449.4592
1101.7493
1205.506
383.24097
1045.3524
1352.7053
832.2351
737.87164
2259.3794
2381.564
1428.8986
498.343
794.8293
278.7537
554.64307
397.77625
2305.026
1087.4277
1342.1904
672.1234
361.1904
750.36053
1204.8966
1363.749
1337.1808
1047.9026
389.01276
553.2096
2308.961
855.35565
664.01373
467.2578
1022.3816
2061.441
1225.778
188.65898
1147.9819
614.9966
858.8634
1012.9986
1328.865
1388.5283
477.92715
756.2754
814.19666
511.41003
835.7705
1116.9617
363.67236
1285.7842
2333.0447
918.18695
983.45593
407.62805
742.6686
1088.2827
1176.9349
1420.6906
900.3413
305.26428
1080.7
1355.232
783.82904
1078.2341
1100.5713
844.4291
2388.846
1477.6603
847.2377
725.5342
853.6716
364.9126
566.4475
551.117
485.94385
1546.0247
1202.5986
504.96167
1202.0857
804.827
1496.1436
577.1421
2551.689
402.49933
2317.6804
1951.7561
1517.7633
2357.856
408.57352
1390.0684
852.1305
572.11615
1380.847
1050.0266
213.11032
354.62375
870.4629
354.33615
698.46344
1522.8589
1015.0564
1162.0394
1194.7725
594.72205
300.66983
778.12354
626.2782
500.0842
385.48248
1073.5499
899.7389
557.7426
422.5056
2246.8108
1434.0345
795.5332
408.91217
644.5729
1068.1782
691.32947
2188.9365
605.4812
2226.4868
244.68204
1303.451
1254.5507
2206.4993
1426.1256
521.8979
419.68567
1085.4739
208.46344
572.12756
1182.6624
1183.2601
1101.4575
766.034
1097.1205
2363.1675
941.3434
1116.6681
192.57376
2549.913
1123.5364
930.0434
700.47504
1360.0565
1083.534
921.13635
1279.79
1407.581
820.21765
751.4987
551.34717
1204.6444
1030.6956
1455.3645
1502.5264
1380.7124
1060.7856
1405.263
1437.4397
678.42725
408.87598
934.32166
1016.78723
1340.4795
1018.6395
835.63324
845.16504
1097.6884
1612.0255
644.13745
1125.8649
541.3699
1329.8125
542.34106
1291.6848
1126.9878
1625.3031
419.06146
1132.4138
1240.3767
500.65237
513.8333
1128.3451
521.8951
233.03699
812.3343
1155.3928
1750.1565
1372.3386
1010.21735
1124.8582
360.46875
1197.0217
1275.1049
2262.796
683.29944
251.7113
1022.1458
1367.5609
265.233
441.47687
1071.1636
1403.7562
757.66455
424.27948
344.5699
1357.1832
1595.0566
670.8231
558.5956
2456.1777
978.2045
966.5642
1162.4838
857.80554
336.94168
343.24176
836.6802
1136.7583
974.5445
933.8671
339.42908
2437.6082
596.416
376.40164
1320.3212
905.26636
316.05283
1081.8408
1522.4802
429.97647
1175.3572
1084.0756
1600.1135
958.1614
968.47766
924.149
429.49823
1163.2505
1001.7202
352.93314
1111.304
1326.6377
315.7235
608.17615
664.6275
909.34753
495.09985
598.6486
506.84772
617.49896
142.74028
395.70132
306.43118
745.5431
741.74634
613.7124
694.6229
372.23807
1400.8511
813.8006
263.40585
730.23175
1579.9163
1110.304
1386.0068
473.7696
300.81647
1063.4683
935.90295
986.62555
1277.0239
1120.2728
506.74823
1334.0288
150.64166
385.32156
1732.7751
774.5267
492.67764
206.81743
1430.7754
488.22394
851.9113
1220.2302
857.676
1074.019
569.17725
523.0282
999.0723
1099.6149
721.53406
1028.9476
1631.8754
1071.8608
868.59705
999.1842
622.3894
1504.5201
908.45215
1493.395
736.3257
421.59967
1317.6516
671.46716
951.39624
490.08533
334.24707
988.5873
807.1382
590.26807
1586.7427
385.59183
990.5114
936.1482
449.45294
748.5403
779.12
464.94183
385.7276
808.2326
1468.795
219.30331
1016.2512
464.02042
1044.2953
905.46826
819.533
1059.7959
955.056
1145.3689
1092.7487
859.0866
552.21045
715.8723
1520.5789
1767.9104
878.5128
1326.2212
1065.8075
616.7095
538.4438
1369.3384
1391.0522
840.4846
1373.7512
1312.8713
462.04486
745.08575
1386.2212
528.8457
925.9943
1230.1038
1220.0692
629.6009
1225.6709
488.58545
558.96094
1145.9279
621.18616
1204.322
778.33167
1192.425
389.27786
978.755
1137.8883
1183.9103
687.2937
1330.4897
1078.2205
1415.1427
1021.9918
1205.5771
425.0053
674.40955
469.26065
695.37
447.91925
1273.4645
896.3231
1636.3623
590.70374
573.365
718.64166
1249.2388
1243.8433
830.66516
2143.719
588.2311
389.62833
757.91797
1149.9512
1159.6268
813.114
435.60693
1201.5247
647.89484
601.3591
1262.8035
1288.273
986.1361
1436.984
1128.6895
456.29407
455.82312
746.28503
958.44135
1269.7378
1316.9672
492.46048
176.05289
450.14276
351.92886
1002.5936
1478.5127
334.825
717.50055
818.27997
470.78256
1597.96
854.39655
758.83575
1125.0818
1559.1975
415.85693
1146.7129
1112.3983
1266.8635
619.9304
782.53784
412.98477
322.50354
381.44254
738.19965
1394.8239
561.621
748.7898
732.92126
643.19446
1039.7712
2182.3481
689.9412
1096.717
939.15625
2388.3518
495.0501
1463.062
1447.0112
755.85474
1124.1226
974.2435
971.4398
1286.5017
1058.4269
717.8423
2213.8496
568.9249
378.86053
1081.3741
567.0707
657.81647
1742.9065
1548.3218
1314.5126
302.51163
1099.1161
250.52054
764.6247
1029.8584
1206.4473
662.61035
756.2252
883.7981
383.09784
324.898
1191.6309
729.7042
428.51025
1457.2595
1071.6324
1427.3113
888.6428
676.82324
154.27554
631.5823
1508.319
322.134
365.2935
493.9241
572.3008
977.75055
1054.9167
683.0354
1292.8313
1164.3807
152.58524
999.9349
552.2689
1133.2808
633.3952
1241.6964
1089.082
1343.4833
1141.508
451.68762
793.8253
709.8574
1300.7908
1333.3187
378.5019
1726.4886
345.76178
571.25854
1190.0562
901.17126
206.0586
808.06836
667.4485
1300.3666
532.7651
687.5251
1538.0835
1210.3401
200.71951
1210.7579
827.43146
1277.3502
517.9449
1043.0089
1282.7473
1277.0288
340.45984
1113.7926
1658.3076
564.38635
1190.9077
666.47217
731.86975
764.84827
686.1827
1377.0704
1148.5591
2389.8164
924.4958
1971.3616
1218.897
729.2661
1589.1741
1110.3569
2098.8958
594.7956
1131.7196
1186.7051
759.2923
606.9227
646.72766
1486.7856
802.7051
1120.6179
463.09796
508.8892
1556.8756
494.58917
274.3705
892.4425
392.51755
1169.5978
182.87012
981.7751
864.7903
693.3614
663.0641
260.4207
558.6727
276.14972
1025.4878
664.0537
1027.6125
453.97052
635.6614
1651.6454
1182.6809
1199.7251
574.65173
1100.8016
1230.5142
1039.9069
328.45798
1105.2686
327.467
379.19675
1043.2008
1432.4214
2264.7856
1489.1158
476.1366
307.71725
915.75055
736.01337
925.5282
435.25104
301.80707
768.0139
329.13437
1104.2183
1231.9058
1163.3113
1147.2659
464.466
830.7672
1287.035
1587.129
2152.1345
797.69293
604.9699
1034.6057
700.87305
778.1835
447.82993
784.37256
1002.39136
788.20325
1045.8146
1550.3516
655.8501
573.6238
407.63712
1309.9155
538.0499
502.26312
1004.80383
946.27576
885.3312
1262.6068
1101.5668
1464.1963
1000.8193
980.6209
619.37756
573.9418
597.4967
1609.4788
633.8161
1525.0073
1223.4154
1847.7087
441.3216
532.47095
936.1177
438.16977
1654.1082
567.0541
611.772
1014.97437
1213.198
637.0083
966.1124
1489.9219
719.88995
949.4354
1831.7568
692.84753
1182.7332
223.86102
1118.2178
469.3013
1458.4978
546.45703
674.6677
1394.1248
889
1477.5183
1098.4712
1100.936
954.02625
655.3018
1191.9514
462.92108
1466.3601
1044.9478
931.5315
340.71887
1006.96985
542.2347
464.32913
849.95105
843.37427
262.61826
1250.0377
1055.4923
1099.6104
399.17365
600.01636
590.28284
482.76956
966.2943
742.91376
1222.6973
389.0742
1546.5503
240.00366
792.1327
743.3401
610.1565
178.16193
754.5751
707.6527
683.6159
276.00574
642.0439
786.6155
432.8771
276.2929
347.2137
741.0004
1055.4764
837.26953
983.8468
1382.1245
1363.1829
730.704
899.97614
1386.6964
1109.9731
905.73114
605.9697
986.59265
1329.3213
306.84576
601.74084
466.25482
2290.5952
1059.9011
1639.2402
657.0148
448.6903
1125.8152
1156.8962
653.9076
1057.1289
1116.5936
416.9901
843.4866
583.4502
633.01697
323.15125
429.05923
782.96094
1434.611
1105.2892
288.5607
608.2377
1262.9731
1178.4832
485.76935
393.57446
839.81433
581.79834
603.6655
1122.2513
1183.8253
161.43442
1202.2908
952.63275
1472.3226
1015.3844
791.1842
1532.0392
1245.4353
1334.7673
677.61115
838.25903
763.81537
767.65137
1221.8408
1399.0627
1187.6208
1335.2441
1112.8828
1088.9547
528.0459
455.94412
1499.081
388.71344
750.1604
657.02075
1210.0465
203.91486
690.50745
1737.5109
1340.5327
1195.5278
343.9694
1219.5938
475.49915
384.82037
1240.3022
1774.3076
685.70654
993.42847
977.48926
2011.0669
1045.4973
1370.9288
658.8937
1303.8853
1433.5175
1231.2711
1251.531
568.9481
1230.1296
1217.9456
1271.7222
1065.606
1059.2446
1158.1652
858.0802
641.5068
450.41693
650.07605
826.36414
867.65045
1321.0427
671.9691
1154.0886
1013.11865
1124.6637
579.72546
705.6105
756.42584
513.5786
2305.0637
544.674
1661.8745
2290.0156
688.86316
663.6407
2164.0508
1015.84766
766.1792
1989.0905
484.98328
858.8516
1066.3875
862.3363
233.78952
493.4847
1151.7821
2442.0989
462.5542
510.62442
1438.3257
1543.394
633.8999
340.75845
1430.6829
1283.9944
934.1926
1141.4843
1248.1671
1447.438
1151.8024
357.5921
1044.3112
1220.9519
234.32315
359.3947
337.7342
1459.4258
497.52026
968.56647
1000.3329
424.82104
1531.5283
405.17493
709.11975
1012.5775
1211.3853
1286.8718
1210.6621
795.181
475.75424
721.5719
1433.9868
539.5143
468.07227
490.7827
1205.9517
491.46228
1258.5619
804.04724
1072.8069
1227.4745
512.6964
1501.5723
545.12646
319.19778
1247.7719
346.45447
1496.9374
800.074
1458.1371
362.89954
1058.8535
1211.2355
1020.7766
602.714
1468.443
1138.1624
1460.0403
1352.1531
1281.3818
350.7176
2201.9507
475.32925
474.01407
1221.0078
835.1438
1120.6691
1682.6747
1068.1849
1403.06
2138.7415
1409.6725
610.91785
1379.0797
901.40247
461.18362
352.5575
838.9
832.7273
1505.8229
1037.5122
534.61115
861.9122
586.8813
1149.2611
1113.7777
1035.7898
503.1178
410.9733
1047.6694
796.7417
435.16428
1318.1611
734.83386
422.3651
1315.7567
961.4302
847.6786
442.8733
854.903
641.4187
439.90344
816.9007
935.05273
753.08563
2378.6384
820.56134
979.07794
1329.2993
1082.5449
537.46625
1159.7644
1099.5208
1274.0918
894.6449
329.46387
329.91217
1593.9452
1377.3464
1043.418
937.2993
786.2978
1039.2488
1226.301
1195.3198
1180.5198
1446.7913
514.7829
1195.9507
270.97693
830.8416
289.27097
472.45258
647.219
1245.5178
1208.3528
1428.9155
1147.9619
1342.4626
388.653
690.8003
864.9579
1164.6609
477.4042
1000.68445
948.9908
483.45963
1254.0264
1250.1501
2286.5044
499.65353
955.2083
373.1136
1291.5161
1201.3997
1168.8153
1519.5929
2259.8965
1441.3292
405.4073
1415.4929
523.02075
879.1161
471.155
758.64905
1208.5459
772.963
550.0082
892.5515
429.8951
1273.1167
2292.7822
858.45105
2277.7463
1349.9777
1376.0317
552.1787
1374.8492
567.2696
478.6376
1308.052
794.1377
529.5227
282.40485
1237.9113
772.93427
617.85895
926.2823
257.58514
456.72177
1108.664
305.59012
831.96313
1056.6637
1474.2952
977.3847
725.0931
322.29123
1342.7534
1936.11
579.94507
1058.8181
1431.0581
392.09583
845.8915
195.89246
309.24088
971.3059
866.4845
1809.9325
1821.7314
1331.6034
587.26
330.74963
613.3302
868.03455
1055.1959
472.6547
388.63647
346.84683
1035.148
543.37494
1167.175
1444.2804
708.2527
662.8268
791.1916
1093.6133
404.62827
668.30664
949.359
1508.2053
303.78973
1475.9052
1289.4049
1361.0088
531.22815
1258.5808
1265.0515
1206.02
93.85597
728.8249
464.73505
674.8031
544.46545
1065.8074
1370.7252
1538.4667
509.50842
735.8185
836.2299
506.70786
2497.6736
563.17456
644.0843
629.1133
876.6269
401.85815
708.5107
701.0702
833.4394
561.9779
1049.4188
249.02562
823.41235
997.76575
482.654
419.31787
1086.0406
709.745
1145.5381
1553.2019
1802.0884
532.02966
554.2877
917.1295
720.37006
866.6833
1183.5803
2094.2031
1793.4673
2398.129
646.02844
908.9525
1031.7792
902.4176
437.81525
964.81616
624.42566
822.4304
586.53265
662.58484
309.47867
911.0623
523.2456
1275.2843
972.81213
1495.904
299.2118
938.85736
696.43494
757.885
1126.6892
1246.2471
1444.26
1194.8912
1027.5969
1197.8813
1428.373
1133.9852
1186.6377
864.0082
1103.2274
1088.0903
790.3638
384.03174
1244.8137
736.6205
617.8602
1023.386
1262.5273
350.00842
590.9391
1433.8767
448.5982
1487.3147
502.2207
1616.5593
960.13544
1303.7948
2215.8103
514.8011
1603.0546
815.0587
1649.7694
2077.6416
1214.6616
940.74756
481.89456
472.70273
1260.3606
360.10815
2283.2651
483.35593
585.99585
834.40063
958.4054
612.2199
529.86945
367.53522
1265.4967
1204.8842
383.63574
1588.3054
1322.344
106.60222
598.3492
1013.06555
2466.0308
297.98294
823.7536
1480.4618
542.3
1226.5032
1262.1375
2342.282
2295.973
1233.1353
667.11304
706.8762
1416.3545
565.33484
1168.4047
1066.4127
1303.6538
527.6616
1144.778
1500.7554
948.8138
1149.9016
473.83313
404.81204
715.8662
1003.4761
252.03929
1486.7684
876.4982
734.6469
701.03436
1588.2899
702.29376
242.09752
678.50903
155.16667
463.29987
334.62592
1023.82513
997.5469
379.2914
715.71747
1017.2887
361.36484
1477.3179
558.67004
883.8888
882.5222
694.00977
324.36945
1195.1095
1070.5945
462.8371
745.14557
694.6603
1123.5923
917.35876
1333.1433
812.0725
1190.1609
326.704
972.32605
990.91693
215.46414
830.25684
609.2642
444.0712
1472.7052
1429.7539
417.16113
1230.8394
1284.8987
845.2716
956.17773
1063.2554
583.604
557.79
441.42044
1382.6582
763.036
671.5106
639.0983
1521.6619
630.45984
522.581
925.45264
986.3738
279.4712
1088.4838
1249.6033
1049.7952
1585.7972
1362.1877
1510.7861
317.50287
1085.4331
383.59372
462.44864
1223.5708
1348.0784
674.63806
642.57623
488.52966
1756.6417
949.99146
590.9347
491.07407
939.32776
1385.5524
718.7926
1147.7152
407.05014
634.1274
401.8404
301.86267
730.7943
1437.5256
394.74902
391.7779
1237.6378
599.6968
426.59702
650.8949
676.98645
1025.8829
1075.8232
1143.2776
2157.5605
421.2846
1589.4114
947.1679
472.6756
1214.2715
1193.9731
695.9938
355.02255
1217.7627
1162.5803
1107.9817
544.15045
467.94284
329.14127
948.9752
450.61975
1216.8284
475.03403
790.61096
768.8766
1617.1855
1069.2423
486.08707
1038.6912
1549.8175
1481.4652
1907.6254
1584.5627
1196.329
998.8877
161.13425
1432.521
351.48584
1173.3708
1321.3301
646.2599
910.1874
726.12494
534.5537
1036.5966
2083.109
388.80914
626.3098
1150.1826
1026.9316
1631.8646
1310.9268
749.03156
877.2311
271.02173
466.1114
1190.8647
862.3091
970.94495
1209.4739
1738.4325
1141.5902
320.1333
238.04097
1319.2579
850.9228
597.5907
1235.1661
301.69098
815.53577
1359.5591
762.7993
377.17676
1349.0681
452.68777
1000.9564
1013.6692
1302.907
1087.9749
718.73
897.84015
1642.0076
1088.6543
900.1448
2366.193
261.76913
581.08997
424.69287
693.4771
2212.7808
1070.8251
1288.5815
1303.5509
1575.2909
1865.6345
700.463
1250.1577
1367.4921
883.79297
1127.6763
291.271
219.25232
708.527
1194.5267
2286.767
1069.0885
2258.121
702.4009
1101.9507
1406.51
1540.8076
514.903
1132.6683
979.94116
1000.6621
1169.4402
201.26083
343.81738
985.78613
868.25024
546.4163
678.1058
1108.7113
1645.1702
1014.4095
656.36615
1166.4849
249.41772
1207.024
724.47125
1447.1396
279.0505
1177.5842
507.74835
469.7206
514.1874
1243.2109
596.59283
1167.2784
1008.5791
1310.8414
1115.062
1624.1313
796.3966
560.8607
686.18774
1599.9944
788.5148
1087.8889
270.64243
136.65488
1153.2645
1116.0476
589.7068
605.9816
928.41046
1331.8145
261.65784
755.66016
609.65765
615.43054
956.0434
516.8431
1019.13275
1685.8667
1286.3164
423.0018
392.49658
627.86707
1273.7365
1298.8466
300.50153
1524.4891
1235.3792
1334.8351
1137.2186
1168.2882
1044.4026
331.88025
527.8675
494.97577
523.70575
1018.83075
1157.0133
604.3355
765.1367
1173.4452
773.46045
2400.5159
550.5034
590.3824
541.3894
1506.6635
1164.011
844.1952
343.54678
1267.2151
732.42523
2078.567
956.48694
483.6042
1197.7377
810.35315
581.8285
1516.9138
847.2069
718.3251
535.52545
1010.8712
1387.7495
1430.1274
859.1534
511.8604
655.7601
1065.4319
1015.50885
726.3346
391.46414
1995.2076
1020.3397
1194.7941
1095.1506
271.19998
989.21454
407.51602
358.6501
1115.5891
557.221
92.07997
674.1877
1488.6724
559.11633
436.00262
2413.6716
1092.2639
651.90674
1856.94
588.86365
1091.6263
1345.7502
1024.2202
249.34909
899.6651
865.33325
855.9259
1202.2716
580.28815
669.8353
1617.0613
1044.9784
910.4197
1156.6907
1671.667
2377.4263
1380.286
1245.6246
1210.5688
959.29944
889.70825
1024.2993
537.24176
407.75424
900.48145
721.3341
212.39821
988.7799
1093.0978
511.50897
1210.217
1196.5647
833.87573
689.6915
436.8504
803.2119
819.5906
1144.775
730.078
1177.6567
944.1995
868.62054
1236.8734
459.62643
1290.5664
1317.959
421.82483
2248.407
811.03723
717.26605
437.71155
1008.5839
777.90015
302.04605
544.17883
970.26
1596.6675
1503.792
975.01135
2139.0688
600.22107
553.69415
1419.3085
2320.913
370.597
2058.5276
1918.5679
454.45306
391.23822
1573.6644
657.26404
1400.2058
1060.5859
1529.828
1407.7644
1546.404
1132.0315
975.51184
919.5322
1472.916
500.1942
528.6918
549.3175
1350.8087
526.0521
928.612
396.34814
723.74194
1014.58856
620.7852
245.46634
1274.5444
1073.984
1051.5825
1531.8064
580.70404
1365.2161
497.23065
628.91296
372.37872
687.698
435.25888
865.8692
503.22586
843.7316
1084.9741
1360.2361
871.71423
2152.1467
1144.6714
1228.0864
1252.4116
428.1647
337.18243
490.95917
647.6959
625.2615
249.59015
1306.1034
1544.5347
632.66016
520.5497
1229.5115
1461.0598
1171.3671
554.3738
1042.9467
476.05243
1547.7002
1163.3009
476.66113
229.52722
1222.581
453.26013
1505.6715
1238.4282
1425.0095
669.5919
256.55542
862.94745
1095.6525
1273.3795
849.1205
535.968
638.6146
1204.7631
944.64233
1431.8447
1030.2065
426.43463
813.10815
655.7567
785.9073
1083.3696
743.1659
1103.696
546.52637
507.7316
946.3186
616.272
1317.6626
770.6229
1589.3015
1391.5881
740.49615
324.75732
1306.8019
424.0133
946.1653
438.6141
889.19495
245.64172
778.68604
542.5405
913.3469
697.7588
1444.8549
1590.8204
252.74335
1104.137
1249.3811
955.6626
530.0531
1034.9259
1518.3187
616.6755
443.8725
1013.14343
2239.9207
1890.6638
621.72644
820.9469
652.11
772.72815
1214.9468
603.19543
1137.4929
1838.0857
1143.7238
1417.9314
498.711
538.1123
893.0653
776.9046
638.4256
1358.4944
377.9803
760.8722
1493.2268
766.3181
430.10733
1480.8392
1489.7915
368.61774
1158.1218
849.36145
1227.3654
394.41602
1415.8126
592.1388
540.78326
1124.437
998.60583
1008.93054
1301.047
415.7835
589.17676
1388.0712
1024.6735
1254.3898
529.954
432.5983
1436.4894
1745.2736
1749.3225
786.5819
127.24557
320.19287
918.7899
444.75592
386.91748
1052.8846
767.15454
484.66376
195.92891
742.2174
591.7907
1291.1294
1100.1633
1212.3055
1266.2922
453.76215
1251.7855
977.96234
1174.0134
1130.7087
1130.1643
1289.467
721.6049
605.3489
897.2807
321.54578
2011.0609
248.88739
1011.0813
1192.9247
1226.313
1136.1066
1258.2413
1003.8555
963.493
1328.4606
1098.9652
1078.8408
607.35474
495.6054
1282.2429
527.32965
1169.8955
1103.9739
1021.0282
543.48193
400.22028
389.39246
1018.81146
645.69556
1276.4847
1233.0616
1880.5945
1022.87714
815.23364
642.1134
580.47766
551.7073
1087.0504
1147.7297
915.23804
1839.7932
912.3843
1719.3337
2337.5933
537.40784
420.1153
861.0842
648.12537
683.7736
1044.4011
1469.1096
1288.4084
601.1487
860.8173
694.11273
592.9517
1445.572
1571.7181
1078.2908
1225.7992
644.90906
584.8992
342.4547
1330.0063
