1287.1177
1021.50256
902.0626
1193.5825
592.6251
1284.5658
1129.1421
235.0783
1230.7683
716.848
456.44443
878.1416
364.55237
1379.2772
1265.3705
992.76587
1348.5518
1182.7872
1524.911
370.4099
2251.555
1160.8684
363.21194
815.9791
533.9575
422.03546
1437.2828
1324.4897
858.52856
1154.5327
541.0595
462.23843
397.59534
457.72223
1374.946
324.33954
1059.9828
581.90356
2113.5566
502.47357
782.70544
1513.6199
595.2565
380.90164
327.57483
444.4129
1174.8298
728.5222
561.13403
274.35605
655.18994
1462.4673
937.02185
1315.447
927.28687
794.3682
670.86206
1183.2532
482.7046
652.75507
1237.9921
336.4619
301.9941
1134.9933
1485.513
1144.7954
396.23065
1069.486
603.78955
1275.5247
1162.8423
765.8331
1174.8053
1223.6211
912.72217
897.397
768.27576
1094.0894
488.55984
1313.7346
816.00183
1325.822
219.00186
1158.6322
753.21625
1041.406
874.9384
1114.6504
1006.3041
1114.1514
1353.7705
843.5589
1237.7168
2419.4502
689.188
1317.8019
607.7605
1163.2483
656.40137
697.75903
1449.1757
1100.9913
1204.6904
381.24738
1044.5732
1351.4027
830.813
736.78986
2258.4656
2381.0137
1428.273
497.7315
793.67035
278.1912
554.2998
395.71915
2304.041
1086.5603
1340.7908
671.2826
360.02222
749.8674
1204.9409
1363.4475
1337.2365
1046.4578
387.47937
552.5062
2308.7803
854.26917
661.9845
466.53986
1020.2208
2061.204
1224.8113
187.2835
1146.1487
614.9162
858.659
1011.2441
1328.7137
1387.4897
476.6683
754.9182
813.0579
510.29144
834.1032
1116.1643
363.2964
1285.5327
2333.929
916.81165
982.60693
406.31537
742.1976
1087.452
1175.2095
1420.7388
899.0237
304.41888
1079.618
1354.7188
782.11707
1077.5757
1098.8899
842.71893
2387.883
1477.095
845.657
724.788
852.37994
363.90228
564.4176
549.4742
485.42926
1544.8002
1203.0638
503.45007
1200.1066
803.58075
1494.9893
576.3604
2551.4072
400.63507
2324.2188
1951.1036
1516.649
2357.5962
407.5267
1389.024
851.03723
570.9313
1380.5276
1048.9741
211.7662
353.2828
868.64026
352.59744
697.1027
1521.4272
1014.73505
1162.1555
1193.5747
593.65546
299.3095
776.8496
625.90436
498.4875
383.7367
1073.3455
899.1753
556.667
422.03052
2246.9294
1433.6472
794.1365
408.01462
643.45447
1066.2001
690.494
2187.254
604.33826
2225.6426
243.78873
1301.8813
1254.7073
2205.1401
1425.4196
520.33563
417.91843
1083.3652
207.31943
571.43634
1180.418
1182.9055
1101.0276
764.4948
1095.8694
2362.3792
939.8302
1115.0156
191.29999
2549.6519
1123.2488
928.3462
700.0393
1360.2158
1082.9697
921.0169
1279.3038
1407.4111
819.08453
749.7544
551.03107
1203.8855
1028.5609
1454.4244
1502.6538
1380.3364
1059.3093
1404.6388
1437.2539
676.4077
408.65112
933.0496
1015.8459
1340.1112
1018.3065
834.58545
843.8359
1095.0471
1610.0902
642.46045
1124.992
540.3271
1329.3136
541.3158
1291.2179
1126.0637
1624.4703
417.55206
1131.8802
1240.4779
499.43823
513.2971
1127.5247
519.2573
231.92963
812.18414
1155.0256
1748.2585
1371.5995
1009.0454
1124.6252
359.41254
1195.8765
1274.5997
2262.94
682.3978
249.40735
1021.4865
1367.1892
263.14926
439.9224
1071.3861
1402.5703
755.8031
423.67908
342.53693
1356.1063
1594.6768
668.89246
558.0863
2455.8606
976.5328
966.14014
1161.8567
857.51196
334.5564
340.29254
835.7829
1134.4141
973.2463
933.15466
338.3855
2436.9177
595.28894
372.98273
1318.7902
904.8806
314.98627
1080.3867
1522.5988
429.50525
1174.7393
1083.3975
1598.1868
955.94653
968.4247
922.92206
428.38806
1163.0978
1001.5394
351.5273
1110.4093
1326.4186
314.22156
607.3719
663.5786
908.41516
493.3004
598.02124
505.4803
616.5776
141.14694
395.16943
305.16394
744.94415
740.5906
612.59454
693.84784
371.3629
1400.3865
813.223
261.8316
728.46326
1579.0938
1109.9448
1385.5333
472.76312
298.50272
1062.9154
934.8884
986.39014
1277.48
1119.3708
506.30438
1331.9814
148.34462
383.05286
1732.6151
772.80383
491.1479
204.57948
1430.1079
486.70245
850.0913
1220.3579
857.30054
1072.4276
568.1144
521.7344
998.0479
1099.5162
719.74176
1027.8063
1630.1724
1071.4929
867.30475
998.31726
620.52936
1504.2955
908.1681
1493.5016
734.614
419.9041
1316.2906
670.7727
949.2827
488.00146
333.28842
987.469
805.6704
589.4445
1589.7795
384.87506
990.06744
935.4231
448.0628
746.69556
777.8402
463.378
383.42963
806.3236
1467.889
217.42807
1016.34375
462.33875
1042.7842
904.44604
819.2815
1058.7021
953.8386
1144.347
1092.3857
858.78766
551.5335
714.65894
1520.3975
1767.3948
877.3119
1325.7104
1064.1547
615.5282
537.5053
1367.4711
1390.8652
839.56903
1373.8256
1311.6741
460.6731
742.10785
1384.57
527.63806
924.6848
1228.4319
1220.0509
628.172
1224.5006
487.9964
556.31116
1145.8435
618.4016
1203.9502
777.59985
1192.6345
388.41992
977.78235
1137.4325
1184.3833
685.9839
1329.755
1077.388
1412.9263
1021.7572
1204.119
423.48767
673.4227
467.96454
693.8686
447.4058
1271.3494
894.5923
1635.9457
588.04724
572.67285
718.3887
1248.7455
1243.9684
829.14307
2143.5308
587.88226
387.71173
757.25494
1149.6965
1157.1522
812.1664
435.1581
1200.5464
645.4153
600.72144
1260.3959
1287.8231
985.61774
1436.3214
1127.4337
455.59668
454.79932
744.83484
958.50006
1268.921
1315.9248
492.01038
174.81323
448.21887
351.6434
1002.3801
1478.1301
332.26492
716.903
816.76404
470.49677
1597.6488
852.9485
757.8362
1123.5933
1557.7996
415.03308
1146.4785
1110.4247
1267.0071
619.2635
780.0478
411.04984
321.23544
380.7812
736.6114
1393.112
559.8123
748.1235
732.1583
641.90076
1039.9432
2182.3232
688.0016
1096.4868
937.9962
2392.224
493.06216
1461.457
1446.5493
755.47705
1124.379
973.5545
970.4286
1284.5396
1057.9707
717.02856
2213.2593
568.27515
377.70773
1080.3248
566.0721
656.97455
1740.4622
1547.0234
1313.6237
300.80573
1098.1855
248.7921
763.4734
1030.0526
1205.098
661.8585
754.9419
881.9374
382.45322
323.62125
1190.675
729.24884
427.41095
1456.3519
1071.7217
1426.8328
887.81555
676.43713
152.44211
630.09424
1508.314
321.36618
363.50687
492.14087
571.3629
977.52716
1055.1044
681.96484
1290.9346
1163.3505
150.61237
998.9029
550.9953
1131.073
631.7704
1240.965
1088.2695
1343.2528
1141.0431
449.97745
791.99695
708.56726
1300.7231
1332.3057
377.31183
1724.3201
343.9679
570.3304
1189.9908
900.3512
204.90382
806.81726
667.219
1299.7765
531.184
686.3367
1537.549
1210.2299
199.15009
1210.3219
826.48926
1277.6031
517.1409
1041.155
1282.0658
1277.1285
338.69907
1112.5967
1658.1794
563.3388
1190.3561
665.3524
730.62036
763.79553
685.28217
1376.6968
1147.029
2388.6401
924.0764
1971.6093
1218.1422
728.61035
1586.6926
1109.9945
2097.4453
593.6185
1131.6678
1185.9489
758.9297
606.41766
645.50183
1485.6536
802.2793
1120.6848
461.96118
507.80594
1557.2269
493.8976
273.8722
891.42426
391.804
1168.0815
180.57906
979.6565
862.8234
691.6062
661.7494
258.63614
556.9551
274.3188
1025.3406
663.36505
1026.1971
451.82697
634.25995
1649.4988
1181.0734
1198.7258
572.63635
1100.388
1230.2528
1039.2688
327.04117
1103.2295
325.92444
379.0756
1042.5753
1432.228
2264.2007
1487.5706
475.09552
307.0226
915.6457
734.7367
923.845
435.0558
300.2697
766.3755
327.84616
1103.9813
1231.3307
1162.8075
1147.0266
463.21637
830.06665
1286.2906
1586.5869
2152.7915
797.34705
603.43445
1034.7507
699.0748
776.06354
447.28665
783.139
1001.54944
786.92755
1045.7858
1550.2623
654.64685
571.95374
405.99414
1309.2606
537.0411
500.86304
1003.0097
944.83185
883.9863
1261.6859
1101.3433
1462.5936
999.44196
980.2248
619.2594
572.49243
596.41486
1606.2311
632.6925
1524.0042
1223.5182
1844.9199
440.66315
530.7865
934.7859
437.78558
1653.9194
566.04236
611.1095
1013.91406
1212.748
636.3219
965.2314
1489.88
718.9192
948.0773
1829.9648
691.94684
1182.6508
222.2127
1116.7561
467.77527
1458.2407
544.67303
674.46857
1393.7069
888.5311
1476.9117
1097.3289
1100.4314
952.4254
654.0419
1191.7179
461.8034
1465.594
1043.4734
930.3242
340.5997
1006.0022
540.40985
463.66803
847.2544
843.0587
260.44153
1249.2625
1055.7577
1097.6409
397.91156
598.96594
589.18774
480.74286
965.48596
741.71765
1221.2563
387.70355
1545.7229
239.42291
791.6824
742.00793
609.0254
176.62996
753.9435
705.4881
682.3212
274.5768
640.80176
786.0668
431.39484
274.65335
345.5561
740.12415
1054.2797
836.46484
982.2986
1381.1597
1362.6732
729.28577
899.62915
1386.5015
1107.9901
904.4339
605.0285
985.6985
1329.1543
306.08508
599.7744
464.94626
2290.307
1059.5847
1638.497
654.65576
447.33286
1125.2102
1156.551
652.65137
1056.601
1114.5444
415.46457
842.40247
582.1406
631.57733
322.0034
427.44214
781.86084
1434.6013
1103.23
286.8792
608.016
1260.6477
1177.8528
483.8589
392.11255
839.3065
580.70325
602.0613
1121.9497
1183.5645
159.85878
1201.7446
950.40845
1472.0907
1014.062
789.81976
1531.4276
1245.6107
1333.8479
676.5779
837.4069
762.00903
766.0059
1221.9829
1397.2041
1187.2241
1334.2651
1111.5994
1089.1259
526.40894
454.7057
1497.8777
387.92078
749.69824
656.6867
1209.8599
202.2852
688.7002
1735.2172
1340.5127
1195.21
342.22086
1219.7151
475.19177
383.50928
1238.2
1773.1707
686.0277
992.1124
976.64294
2010.7874
1044.4785
1370.7618
657.2413
1302.5511
1435.7705
1231.2588
1251.365
567.3312
1229.8129
1215.5513
1271.4446
1065.0046
1058.5222
1158.3221
856.9281
640.7588
449.04968
649.6228
825.5809
866.4819
1319.8856
670.7162
1153.7758
1011.1686
1123.4022
578.4619
705.3454
754.927
511.63333
2304.627
542.5187
1661.4606
2289.1216
688.2537
661.60364
2163.6897
1014.4624
765.94824
1989.7059
483.94507
857.9524
1065.5105
860.84296
232.86052
492.99527
1150.9346
2442.0828
461.75128
509.18317
1438.3291
1542.9568
633.2934
340.0929
1430.3271
1284.1089
933.2035
1140.4081
1247.6807
1447.1909
1151.5964
357.30872
1043.3796
1220.3165
232.73203
358.7214
337.11368
1459.1277
495.54282
967.2965
1000.04004
422.32828
1530.6113
403.68774
707.34485
1010.4475
1211.4058
1285.7162
1208.6423
794.27356
474.52753
719.7803
1434.1763
539.25305
467.44574
489.27112
1203.8857
490.41638
1257.8485
802.64136
1072.8555
1227.3352
510.95264
1500.2644
544.2136
317.09482
1247.1973
345.59436
1496.4836
798.05493
1456.8241
361.83307
1058.7906
1211.188
1019.84546
601.92847
1466.7133
1138.062
1459.423
1351.0604
1280.277
349.78613
2201.9326
475.1293
473.13
1219.7363
833.32495
1119.5048
1682.2612
1067.853
1402.6145
2138.4106
1409.2064
609.76624
1379.0367
899.3002
459.1682
351.5275
837.4387
830.51807
1505.075
1036.2837
534.28064
859.8799
586.34296
1148.5425
1114.0396
1035.5176
501.95334
410.1186
1046.666
795.1035
434.16986
1318.0215
732.2431
421.25522
1315.1495
959.9251
846.61
441.06348
853.563
640.3187
437.7563
815.8156
934.67316
751.8998
2379.796
819.9949
977.7726
1327.8329
1082.6384
536.8334
1158.7584
1099.379
1274.5969
893.35297
328.80225
328.22308
1594.3103
1375.3153
1042.8982
935.4661
784.3046
1037.4457
1226.383
1193.8091
1180.1414
1445.4354
514.23145
1195.0939
269.8125
829.18256
287.987
471.7217
645.28754
1245.0613
1208.4445
1428.3176
1148.1372
1341.3059
387.09045
689.66833
864.8928
1164.8298
475.404
998.88617
948.4391
481.82544
1253.2712
1249.2084
2284.4895
498.93765
953.76666
372.63306
1291.2905
1200.25
1168.0369
1519.6877
2259.6748
1440.3162
404.6964
1415.6321
522.46765
878.4958
470.09457
756.26965
1208.244
771.2637
548.9672
890.59753
429.60532
1273.0509
2290.9395
857.7686
2277.418
1349.6675
1375.8285
549.83356
1373.0847
566.8589
477.22473
1307.9095
793.8927
529.0174
281.8302
1236.1732
771.99207
615.8524
925.707
256.11874
455.56384
1109.1235
304.00006
829.8391
1056.2699
1472.7388
975.3468
724.3096
320.44006
1342.9651
1936.3474
579.02563
1057.3434
1430.3136
389.8426
845.21326
194.37952
307.36578
971.12946
864.8048
1808.9954
1821.5774
1331.7413
585.7595
329.39764
612.3921
866.5388
1054.3604
471.51453
387.6582
345.7102
1034.1915
542.14233
1166.9285
1444.3594
706.8585
661.50305
790.84015
1093.2004
404.0241
667.01215
948.4507
1506.9438
303.00107
1476.0597
1288.2383
1360.2913
530.2817
1258.2692
1264.9756
1204.5587
92.74253
727.4435
462.94223
672.8091
543.95135
1065.4116
1369.2928
1537.3069
508.28976
735.18774
835.5997
505.56726
2496.5723
562.52704
642.79114
627.8706
875.9989
400.45068
707.27136
700.30676
832.25995
559.938
1048.2439
247.6553
821.5127
997.33997
481.12103
417.29675
1084.6196
708.36084
1145.3766
1551.5513
1799.2773
531.15186
552.46735
916.72034
719.7732
864.9224
1182.8522
2095.448
1792.1421
2396.8823
645.54724
907.81213
1031.0889
901.05554
435.57935
963.8636
623.9283
820.9066
585.71686
661.67395
307.37115
909.5751
520.93414
1274.9054
972.35956
1495.8684
297.94473
938.2281
696.3612
757.3153
1125.6511
1245.5115
1444.7812
1194.1104
1026.2695
1196.4276
1427.5974
1132.2927
1186.773
863.8837
1102.8827
1087.6544
790.58545
382.8316
1244.0503
735.53064
616.2907
1022.76086
1262.5293
348.30914
589.2544
1433.9866
446.4351
1486.9312
500.57007
1616.3324
958.5788
1303.7678
2215.391
513.56274
1601.9401
813.81445
1647.5137
2077.57
1213.9056
939.0286
480.85022
472.60266
1259.7257
359.7011
2282.8052
482.68976
583.80756
833.9947
957.6598
611.1593
529.5619
366.35632
1264.9324
1204.1912
383.16693
1587.7029
1320.7754
105.023415
597.364
1012.3496
2464.9995
296.04987
822.20044
1479.1317
541.51184
1225.8419
1260.7032
2340.871
2295.1445
1232.8428
665.7633
706.1101
1418.0387
564.081
1167.8696
1066.0819
1303.5544
526.80994
1145.0825
1500.1768
948.2061
1149.146
472.04883
402.91653
714.0546
1002.8011
250.91617
1486.499
874.557
733.3177
700.66785
1586.3236
701.73395
240.70163
676.9083
153.86021
462.27826
332.81082
1022.79724
997.37177
378.0442
715.1638
1016.8902
359.94562
1477.0261
557.73157
883.27
881.3081
692.217
322.21436
1193.7395
1070.4633
461.69653
743.795
693.4477
1122.849
915.47986
1332.4387
811.2089
1189.7441
325.45206
971.2083
989.5465
213.97949
829.7487
608.63245
442.97787
1472.5918
1428.6296
415.3528
1230.7103
1283.7981
844.699
954.2456
1063.9924
581.8629
557.0726
439.8481
1382.9543
762.0996
671.30414
637.9607
1521.6165
630.1041
522.0825
923.84
986.5916
277.56546
1087.1989
1248.3896
1049.8264
1584.659
1360.9385
1510.9235
316.49847
1083.6597
382.07584
460.91644
1224.039
1346.7942
671.93665
640.99036
487.1781
1756.3699
948.6084
589.6537
490.65527
937.8176
1385.0491
718.4804
1147.8513
406.25836
631.8226
401.18414
300.73642
729.7715
1436.9431
393.0805
389.1447
1237.1548
599.2784
425.3881
650.04236
676.2097
1025.1033
1076.5183
1143.3854
2161.052
420.06146
1589.8207
945.9963
472.28638
1214.1829
1193.7017
693.49115
353.43225
1215.5576
1161.7546
1107.2911
542.567
466.83008
328.28082
948.1426
448.7071
1216.5344
473.53534
789.5288
767.45184
1616.6074
1069.1447
484.40295
1038.3966
1547.816
1481.6007
1906.0381
1583.1992
1194.8464
998.6537
159.89041
1431.3821
350.45203
1172.3367
1321.3324
645.2221
909.6723
725.34906
533.6298
1036.272
2083.4236
387.83514
624.0807
1147.7507
1025.3694
1629.8036
1310.6869
747.32886
875.4213
269.69913
464.12006
1190.5201
861.053
970.3035
1207.8893
1738.0876
1141.4395
319.0628
236.81976
1318.328
849.1588
595.7728
1234.7346
300.9057
814.04285
1357.9192
761.3236
376.38586
1348.8545
451.39594
998.9173
1012.0153
1301.6809
1086.4902
718.09827
897.04846
1639.7802
1088.1063
898.1371
2365.9783
260.8382
579.8814
424.09595
692.45026
2213.1372
1068.8805
1287.917
1303.48
1574.1324
1863.8226
698.95703
1249.321
1367.574
882.2743
1127.9991
288.3996
218.10202
707.17725
1192.8741
2285.5894
1068.7324
2258.5757
700.44934
1101.2759
1406.4404
1539.2473
513.58185
1133.0464
979.5653
998.94055
1168.3292
199.19656
343.05307
983.57874
867.7306
545.6121
677.2339
1108.8567
1644.9084
1013.0349
654.61774
1165.3883
247.4622
1206.2491
722.3954
1447.3059
278.719
1176.1453
506.78336
469.37396
513.1367
1241.0557
595.98724
1167.1213
1007.6897
1309.589
1114.6809
1622.7607
794.74927
560.42413
684.5769
1599.7026
787.3247
1087.6235
270.42816
135.17175
1152.6666
1113.6094
589.1456
604.29285
927.4317
1331.8999
260.90488
754.2012
608.8865
614.07874
954.6083
515.44226
1018.2384
1685.4072
1285.9597
421.86786
391.42807
627.31903
1272.6262
1297.435
298.91153
1522.969
1234.0117
1334.7598
1135.3862
1167.3094
1044.563
330.93835
527.48987
493.23087
522.0278
1018.46173
1155.136
602.61163
763.9603
1172.7876
771.91174
2398.7136
549.15295
588.6913
539.7744
1507.9581
1163.8662
843.5918
342.51895
1266.6406
731.1915
2077.2693
955.7904
482.52185
1197.595
809.63196
580.75244
1514.3483
846.7555
717.8861
533.9827
1010.49347
1386.7109
1428.7461
857.6931
511.10236
654.7672
1064.9658
1014.1285
724.5969
389.99524
1996.2068
1018.16187
1194.7107
1093.5748
269.9156
989.2454
405.4582
357.8872
1114.8203
556.84973
91.23021
673.8544
1488.0302
558.6143
434.49884
2412.082
1091.6833
650.93304
1856.0411
587.63965
1091.5786
1344.1844
1023.4669
248.55704
898.61615
864.9413
855.06775
1202.3171
579.4927
669.0476
1614.897
1042.5194
909.1749
1155.2434
1669.5646
2377.7212
1379.3665
1245.529
1210.2395
957.44763
887.75366
1023.9813
536.24475
406.80853
899.1648
720.10815
211.3489
988.5956
1092.0259
510.38098
1209.1909
1195.6693
831.9193
687.78064
435.6673
803.0345
817.6638
1145.0767
728.6193
1175.3453
942.8734
868.24097
1236.6917
458.14377
1290.5336
1316.8914
420.41852
2250.4622
809.8035
715.9148
436.29288
1008.03467
777.4928
301.42737
543.10046
969.8826
1595.0793
1502.3186
973.455
2137.6743
598.6669
552.65784
1419.3373
2320.1458
369.74258
2058.6584
1917.1106
453.43362
390.39084
1573.1763
656.7478
1398.8942
1059.2444
1529.7878
1407.2921
1543.8518
1131.6902
974.7745
918.9097
1472.6643
499.88428
527.91425
547.70935
1349.8187
525.1
926.6489
394.66177
722.52313
1013.61096
619.9353
244.10905
1272.9432
1074.486
1050.8351
1531.4392
579.2733
1365.4247
496.11972
626.8026
369.86472
685.1267
434.44656
864.31836
501.8952
843.3714
1085.3654
1359.1172
870.38306
2151.9453
1144.2148
1227.6941
1251.9324
427.35806
335.89093
490.06107
647.29346
623.815
248.03967
1306.1377
1543.0765
631.9575
519.4492
1229.8406
1459.8334
1171.1221
552.28644
1042.8286
475.24835
1547.089
1163.5479
475.87854
228.02896
1222.5537
453.14392
1506.8564
1238.0122
1424.9285
667.5608
255.92398
862.22455
1095.7882
1271.251
847.7367
534.2693
636.6803
1205.0626
944.4341
1430.1272
1029.1193
425.37634
812.66376
655.3788
785.59875
1081.5828
741.78125
1103.1115
546.29205
507.0967
944.37976
615.6265
1316.4719
768.7917
1588.1876
1390.2448
739.5869
322.95047
1306.2932
423.47113
944.86993
437.9106
887.5283
244.72377
776.8771
540.1373
912.0726
696.97327
1444.0099
1588.8359
252.00145
1103.5508
1249.3293
953.88794
529.2258
1034.7726
1517.6282
616.0475
443.5971
1012.16046
2240.0483
1890.7373
620.31494
819.01587
650.88574
770.433
1213.179
602.76465
1137.2692
1836.5432
1142.8923
1417.9916
496.58972
537.17456
891.78937
775.43243
637.48596
1357.8427
377.02618
759.9004
1492.8688
764.32855
429.0356
1480.6123
1488.6232
367.1661
1158.5106
848.15607
1225.972
393.72125
1415.1378
591.6704
538.7882
1123.6282
998.6547
1008.36774
1299.575
414.32
587.7207
1387.0132
1022.72864
1252.5005
529.0071
430.6993
1436.1011
1744.6672
1748.7816
784.64404
125.22452
318.72623
918.4141
443.95752
385.78796
1050.9861
765.4463
482.9828
195.1248
741.2467
591.0214
1291.0813
1098.6414
1211.6222
1265.4994
453.0155
1251.5616
976.1113
1173.8314
1129.7794
1130.289
1288.6202
721.3079
604.57263
896.79407
319.9274
2010.8357
248.15173
1010.1415
1192.7676
1226.658
1136.3866
1257.8416
1002.1941
962.2133
1328.6222
1096.7632
1077.6488
606.588
494.70786
1279.918
526.1006
1168.4401
1102.3405
1019.3214
542.5648
399.65643
387.93665
1018.40967
644.17224
1277.0681
1232.4945
1879.831
1021.1329
813.5991
641.495
580.33386
551.11957
1086.6199
1147.285
914.72705
1839.1583
911.6472
1717.1637
2337.196
536.62244
417.64923
860.83057
646.8643
683.0442
1043.3363
1467.1218
1287.9993
600.5718
860.5665
693.5589
590.88556
1445.1484
1570.328
1077.1151
1225.2734
643.12427
583.0663
340.7517
1329.4589
