1288.4836
1022.7842
902.6731
1193.2524
593.26587
1286.647
1129.1425
236.67514
1232.0828
720.30255
458.9305
880.2543
365.73126
1379.3464
1267.0231
993.0514
1348.7946
1185.1993
1526.5803
372.0277
2252.914
1162.9987
366.23944
817.6824
535.04205
422.96796
1437.3555
1324.968
860.2101
1156.5721
542.3082
462.97592
399.29184
458.00314
1377.1416
326.7475
1061.8673
582.18994
2113.4731
504.73987
785.9199
1513.4277
597.65045
382.72684
329.5296
447.38632
1176.0055
728.9321
561.6915
275.27466
657.6696
1463.7375
938.8142
1317.6162
928.5276
796.48096
672.82104
1183.6876
484.3567
655.6214
1240.5608
337.7788
302.68634
1136.2572
1486.6257
1145.1144
397.87982
1071.3895
606.44495
1276.2196
1162.9668
768.2347
1175.8549
1225.7048
913.985
898.10034
769.9176
1094.5563
489.2639
1315.5215
819.3258
1329.075
220.8414
1159.2305
755.25684
1043.7886
877.73157
1114.9714
1008.35846
1116.0878
1354.0039
844.27924
1238.5288
2418.957
692.38574
1319.5608
608.5721
1164.3414
657.38025
699.5686
1449.5938
1102.0776
1205.799
383.96167
1045.5145
1353.1838
832.8226
738.4108
2259.7166
2381.757
1429.011
498.61975
795.25305
279.1226
554.7181
398.54086
2305.398
1087.8293
1342.7622
672.3835
361.65793
750.4856
1204.8716
1363.9036
1337.3204
1048.427
389.608
553.52856
2309.0454
855.723
664.8197
467.72186
1023.17
2061.526
1226.1787
189.22514
1148.7019
614.9473
858.9414
1013.70166
1328.9132
1388.8312
478.4167
756.8434
814.76
511.9315
836.4505
1117.3895
363.75604
1285.8256
2332.8198
918.7796
983.8248
408.20572
742.7748
1088.5995
1177.5421
1420.7166
900.9919
305.49802
1081.155
1355.5128
784.45624
1078.4841
1101.3119
845.12585
2389.166
1477.9658
847.8744
725.92505
854.2106
365.47595
567.18884
551.8322
486.1728
1546.4652
1202.1271
505.54218
1202.869
805.34326
1496.6035
577.2805
2551.85
403.22583
2315.6765
1951.9504
1518.2689
2357.8198
409.0564
1390.5271
852.47906
572.7259
1380.8735
1050.4663
213.61821
355.207
871.13525
355.05658
699.0669
1523.5045
1015.1782
1161.9196
1195.3035
595.1303
301.20905
778.6069
626.4575
500.75214
386.14267
1073.6089
899.7444
558.22095
422.65726
2246.6106
1434.2766
796.0495
409.32864
645.00964
1068.9409
691.5263
2189.6287
606.038
2226.8108
245.04218
1304.1086
1254.4377
2207.1372
1426.5511
522.6052
420.34143
1086.2476
208.91544
572.2843
1183.587
1183.4541
1101.4675
766.68463
1097.6401
2363.5776
941.9336
1117.3068
193.11383
2550.0054
1123.6223
930.6926
700.5542
1360.0863
1083.7559
921.03864
1279.952
1407.6725
820.69556
752.2791
551.43695
1204.8806
1031.513
1455.6042
1502.4325
1380.828
1061.3224
1405.5127
1437.4431
679.2366
409.0166
934.8197
1017.0392
1340.5786
1018.8371
836.07117
845.713
1098.6812
1612.7559
644.67975
1126.256
541.8252
1330.1436
542.82874
1291.7659
1127.216
1625.4551
419.6025
1132.6648
1240.3256
501.19608
514.13074
1128.5822
522.9682
233.4577
812.2773
1155.5155
1750.8694
1372.5222
1010.6356
1124.9204
360.90424
1197.4227
1275.168
2262.7979
683.73895
252.59482
1022.4227
1367.6812
266.07642
442.07962
1071.184
1404.29
758.438
424.42892
345.3053
1357.6243
1595.1335
671.60175
558.7701
2456.1836
978.86957
966.58984
1162.7517
857.96204
337.91992
344.30597
837.0568
1137.6399
975.0348
934.231
339.84204
2437.7163
596.8799
377.5867
1320.9987
905.41223
316.56006
1082.3794
1522.2571
430.08728
1175.6421
1084.3773
1600.9014
958.937
968.48193
924.6228
429.752
1163.1877
1001.6124
353.53174
1111.5416
1326.7786
316.3042
608.5149
665.0698
909.7424
495.73785
598.86945
507.38925
617.8797
143.40375
395.93546
307.0006
745.7165
742.24316
614.1594
695.04614
372.62872
1400.9524
814.0941
264.09793
730.95703
1580.3079
1110.4224
1386.1393
474.225
301.74066
1063.5466
936.3156
986.71545
1276.8586
1120.6511
506.8504
1334.8523
151.57312
386.22736
1732.7976
775.1416
493.2685
207.66249
1430.9644
488.85626
852.6064
1220.2076
857.7512
1074.6078
569.63635
523.4511
999.4629
1099.6985
722.1875
1029.512
1632.5464
1072.0096
869.15796
999.6169
623.1526
1504.6792
908.5388
1493.4343
736.8811
422.2097
1318.2054
671.71265
952.2102
490.94373
334.61612
988.81616
807.5353
590.61365
1585.6545
385.98608
990.6913
936.33215
450.00055
749.2584
779.6137
465.55865
386.66516
808.9439
1469.2776
220.12111
1016.2147
464.77112
1044.9344
905.8312
819.48865
1060.2213
955.5061
1145.8906
1092.8962
859.1687
552.5393
716.3455
1520.6509
1768.1216
878.9516
1326.4385
1066.3733
617.3229
538.8023
1370.0432
1391.3204
840.87897
1373.5673
1313.2357
462.63168
746.156
1386.8735
529.39886
926.59985
1230.7183
1220.1816
630.23364
1226.1395
488.87372
560.0918
1145.9596
622.2346
1204.4387
778.64355
1192.3575
389.69284
979.16956
1138.0151
1183.6578
687.7328
1330.7467
1078.55
1415.9509
1022.2249
1206.1438
425.55725
674.6872
469.8574
696.00275
448.11545
1274.246
897.0177
1636.4813
591.71375
573.731
718.7361
1249.4437
1243.8187
831.292
2143.8354
588.3336
390.35406
758.0835
1150.0177
1160.5962
813.5354
435.84866
1201.9138
648.9479
601.65686
1263.7241
1288.4355
986.3826
1437.2318
1129.1589
456.59787
456.29263
746.7887
958.43665
1269.969
1317.371
492.72552
176.51144
450.8905
352.0354
1002.5348
1478.702
335.78088
717.68494
818.93506
471.03516
1598.0629
855.0011
759.2874
1125.6744
1559.7017
416.349
1146.7404
1113.1287
1266.6731
620.07495
783.5607
413.67508
323.2514
381.77997
738.87445
1395.5715
562.3707
749.12946
733.2357
643.7395
1039.7041
2182.289
690.78467
1096.7783
939.59845
2387.1362
495.8043
1463.7037
1447.3302
755.9632
1123.9734
974.4082
971.84656
1287.2222
1058.5935
718.18774
2213.9302
569.1496
379.30228
1081.7823
567.5466
658.03253
1743.8563
1548.854
1315.0355
303.1461
1099.6191
251.18875
765.0729
1029.81
1207.0449
663.0262
756.68036
884.5464
383.38998
325.48422
1191.9033
729.91394
429.08636
1457.5825
1071.8
1427.4221
889.1306
676.8639
155.05533
632.1729
1508.308
322.33868
366.06003
494.52557
572.71594
977.70123
1054.9729
683.5089
1293.6118
1164.687
153.31747
1000.36993
552.8386
1134.1641
634.0342
1242.0059
1089.3677
1343.6903
1141.669
452.35034
794.5071
710.46564
1300.7538
1333.4368
378.94263
1727.309
346.52606
571.6775
1189.9797
901.56244
206.61386
808.5851
667.71094
1300.6494
533.40546
687.9972
1538.3804
1210.2806
201.38264
1210.8721
827.81555
1277.2505
518.28485
1043.6926
1283.093
1276.9592
341.12097
1114.2952
1658.3357
564.8431
1191.2305
666.8816
732.42957
765.2691
686.50977
1377.2043
1149.1282
2390.3433
924.67944
1971.3281
1219.2179
729.56885
1590.1566
1110.4783
2099.538
595.2116
1131.6943
1186.8896
759.3627
607.1106
647.2729
1487.2582
802.8445
1120.7
463.60785
509.2337
1556.7588
494.8704
274.5888
892.73193
392.79028
1170.1844
183.69894
982.4973
865.5575
694.0824
663.568
261.15176
559.34393
276.81308
1025.3878
664.32227
1028.1301
454.73148
636.26825
1652.394
1183.322
1200.1047
575.4962
1100.9915
1230.663
1040.2238
329.02826
1106.0913
328.122
379.4707
1043.4641
1432.5425
2265.249
1489.7826
476.4441
308.0997
915.7597
736.5029
926.1528
435.32715
302.43195
768.73773
329.60684
1104.3385
1232.0009
1163.5149
1147.2715
464.9921
831.1599
1287.345
1587.2721
2151.959
797.8665
605.6385
1034.5692
701.5321
779.01587
448.18042
784.7679
1002.86304
788.7544
1045.8853
1550.2085
656.35223
574.29297
408.29697
1310.1199
538.52814
502.77063
1005.5686
946.7954
885.8736
1263.0565
1101.6575
1464.832
1001.4098
980.72034
619.4053
574.5518
597.85095
1610.6915
634.122
1525.4692
1223.5022
1848.8131
441.59302
533.1057
936.6229
438.2751
1654.1116
567.5082
612.08624
1015.3093
1213.1993
637.152
966.56256
1489.9288
720.23645
950.0547
1832.3975
693.2312
1182.7102
224.57947
1118.7877
469.9792
1458.6606
547.18164
674.84985
1394.267
889.2511
1477.8143
1098.9117
1101.1569
954.64545
655.74524
1191.9915
463.3875
1466.8308
1045.468
932.1016
340.8483
1007.35443
542.95544
464.6302
850.9802
843.4262
263.38458
1250.4458
1055.3534
1100.3435
399.7328
600.60815
590.7426
483.5125
966.6869
743.49133
1223.2605
389.78586
1546.8207
240.28943
792.27716
743.87665
610.5675
178.85571
754.9085
708.4398
684.1101
276.5117
642.5803
786.73047
433.48523
276.80963
347.9135
741.36414
1056.0696
837.67206
984.5156
1382.6042
1363.3738
731.24817
900.0512
1386.8079
1110.78
906.297
606.31555
986.69977
1329.4327
307.13666
602.5227
466.81293
2290.6914
1060.0784
1639.455
657.7705
449.23196
1126.1334
1157.0594
654.4442
1057.2649
1117.3635
417.56708
843.81146
583.9734
633.567
323.65338
429.72174
783.41846
1434.708
1106.1167
289.27673
608.3033
1263.8171
1178.6576
486.6585
394.16223
839.94275
582.23737
604.20996
1122.2854
1183.849
162.08507
1202.6117
953.4573
1472.3387
1015.9551
791.7634
1532.3241
1245.3848
1335.1912
678.08386
838.5884
764.5563
768.24963
1221.6667
1399.8433
1187.7883
1335.5449
1113.4036
1088.931
528.6909
456.47546
1499.5198
389.3879
750.275
657.3471
1210.0745
204.6114
691.2349
1738.3037
1340.5715
1195.7734
344.71207
1219.5499
475.57605
385.37268
1241.1165
1774.7505
685.6735
993.97485
977.7042
2011.1873
1045.9384
1371.016
659.4966
1304.51
1432.6008
1231.306
1251.605
569.5282
1230.1951
1218.7997
1271.8674
1065.9381
1059.5208
1157.8777
858.37756
641.70734
450.94656
650.1851
826.69775
868.2538
1321.4604
672.5071
1154.1763
1013.9173
1125.2948
580.3196
705.6681
757.0206
514.31934
2305.2798
545.5156
1661.9617
2290.4421
689.03174
664.3898
2164.249
1016.3594
766.2308
1988.7141
485.26535
859.3199
1066.6978
862.9221
234.18658
493.82703
1152.0825
2442.2815
462.77222
511.31012
1438.2146
1543.6047
634.14246
340.97208
1430.71
1283.9196
934.49493
1141.9858
1248.4314
1447.4729
1151.8298
357.67957
1044.6682
1221.2555
234.93872
359.69516
337.89185
1459.4316
498.26538
969.13965
1000.3218
425.8119
1531.8816
405.78284
709.86847
1013.3789
1211.2585
1287.3549
1211.4092
795.54236
476.2575
722.2175
1433.9598
539.4292
468.27924
491.43613
1206.8115
491.96967
1258.9159
804.61884
1072.7292
1227.5645
513.3659
1501.9656
545.3071
320.02887
1247.9711
346.82574
1496.9341
800.8518
1458.5737
363.34036
1058.8893
1211.2285
1021.0605
602.8755
1469.1935
1138.2157
1460.3323
1352.6282
1281.6818
351.09793
2201.9734
475.39053
474.36612
1221.5322
835.89764
1121.0563
1682.6389
1068.3068
1403.2578
2138.9128
1409.8228
611.33984
1379.0208
902.21844
461.9418
352.98013
839.5049
833.55554
1506.0685
1037.9934
534.6996
862.6816
587.1013
1149.4814
1113.7683
1035.7393
503.5985
411.3455
1048.098
797.3526
435.59842
1318.1815
735.73
422.65054
1315.9976
961.8852
848.1759
443.62668
855.3859
642.0045
440.7469
817.31396
935.0941
753.5488
2378.3145
820.67175
979.6969
1329.8601
1082.492
537.7796
1160.1375
1099.5891
1274.0469
895.1654
329.8462
330.64334
1593.8354
1378.1531
1043.5485
938.0327
787.0148
1039.9733
1226.4054
1195.8705
1180.7285
1447.3412
515.01624
1196.2639
271.51797
831.3834
289.7768
472.82568
648.0037
1245.645
1208.3274
1429.0493
1147.998
1342.9275
389.2978
691.3031
864.9128
1164.6838
478.0921
1001.38824
949.15094
484.14
1254.3923
1250.5502
2287.4897
499.97955
955.90845
373.2274
1291.584
1201.8257
1169.0405
1519.5249
2260.0222
1441.7625
405.68854
1415.3582
523.3028
879.3573
471.27057
759.6227
1208.595
773.6631
550.4431
893.3348
430.00696
1273.137
2293.4531
858.7781
2277.8892
1350.0745
1376.0892
553.11694
1375.4766
567.3175
479.1742
1308.187
794.1587
529.617
282.699
1238.59
773.3499
618.70996
926.46747
258.14227
457.2514
1108.6176
306.24362
832.7259
1056.8169
1474.9169
978.10803
725.2351
323.06064
1342.7852
1935.8956
580.4202
1059.3756
1431.2644
392.97418
846.2253
196.34091
309.92194
971.2561
867.108
1810.2395
1821.6975
1331.5205
587.8666
331.33563
613.6056
868.67395
1055.5994
473.08533
388.9599
347.2902
1035.4902
543.8266
1167.1935
1444.1945
708.7344
663.2526
791.376
1093.7
404.89224
668.8009
949.61914
1508.7156
304.11072
1475.7313
1289.9435
1361.4016
531.6322
1258.6956
1265.057
1206.7385
94.315765
729.4077
465.47388
675.60016
544.60266
1066.0653
1371.1874
1538.9816
509.98358
736.117
836.3115
507.16653
2498.1768
563.33325
644.62866
629.6307
876.77167
402.46313
708.98083
701.4508
833.88086
562.81757
1049.7407
249.68875
823.98505
998.01587
483.21576
420.10736
1086.5624
710.3661
1145.4626
1553.8462
1803.1763
532.5315
555.0321
917.2495
720.6472
867.4214
1183.8899
2093.867
1794.1614
2398.7358
646.11206
909.4109
1032.0891
903.0486
438.5244
965.3506
624.5796
823.04114
586.8823
662.96356
310.32828
911.67365
524.1454
1275.323
972.93933
1495.9143
299.75925
939.0862
696.4736
757.9489
1127.1292
1246.4431
1444.0453
1195.186
1028.1443
1198.4556
1428.5983
1134.6676
1186.6277
864.02075
1103.4049
1088.3512
790.4667
384.5242
1245.045
737.05615
618.4492
1023.59827
1262.5667
350.61713
591.56
1433.8635
449.4535
1487.349
502.88214
1616.5992
960.75183
1304.0186
2215.8267
515.3765
1603.4388
815.6196
1650.5288
2077.7163
1214.9832
941.35626
482.34262
472.7342
1260.4814
360.2034
2283.5464
483.7129
586.84094
834.4796
958.7196
612.68774
529.9243
368.00607
1265.7295
1205.1382
383.85657
1588.4752
1322.9607
107.15997
598.7865
1013.23975
2466.46
298.74725
824.45496
1481.0103
542.6101
1226.6927
1262.7281
2342.861
2296.3843
1233.2019
667.6626
707.2609
1415.6472
565.83655
1168.5137
1066.5166
1303.6414
527.85443
1144.7703
1501.0618
948.99146
1150.1924
474.55212
405.66455
716.5653
1003.90216
252.47093
1486.8918
877.3162
735.2085
701.1986
1589.0107
702.32477
242.68173
679.14734
155.67206
463.77124
335.3534
1024.2126
997.5654
379.75623
715.9346
1017.45374
361.97327
1477.4697
559.04333
884.19147
883.0915
694.4047
325.19882
1195.6992
1070.6149
463.33212
745.6869
695.11664
1123.9539
918.0848
1333.4552
812.46173
1190.2504
327.02063
972.62213
991.4883
216.12233
830.43243
609.5301
444.4952
1472.744
1430.1664
417.88525
1230.901
1285.3761
845.4266
956.9703
1062.9973
584.24133
557.95166
442.12598
1382.5576
763.4212
671.5532
639.5061
1521.6543
630.5196
522.74713
926.064
986.1383
280.19913
1089.0127
1249.9395
1049.7905
1586.2944
1362.6678
1510.8948
317.92993
1086.229
384.1906
463.0669
1223.3752
1348.5552
675.611
643.1633
489.04242
1756.8308
950.47314
591.48444
491.26282
939.9911
1385.7354
718.84717
1147.6558
407.43314
635.00977
402.09195
302.2525
731.2412
1437.8624
395.3842
392.7408
1237.8939
599.88336
427.2271
651.2366
677.3083
1026.2737
1075.6985
1143.2727
2156.3276
421.7922
1589.3416
947.5126
472.83643
1214.3617
1194.0923
696.9685
355.6002
1218.584
1162.7683
1108.2495
544.8306
468.43756
329.35834
949.19617
451.44714
1216.891
475.63904
791.2135
769.58105
1617.3538
1069.3477
486.73566
1038.75
1550.6525
1481.5035
1908.1776
1585.2614
1196.9922
998.8871
161.71936
1432.978
351.88983
1173.8555
1321.3126
646.7118
910.3455
726.30914
534.9294
1036.6669
2083.014
389.19592
627.1903
1151.0864
1027.4331
1632.481
1310.9009
749.70355
877.8572
271.61227
466.96164
1190.9727
862.94836
971.0845
1210.1062
1738.559
1141.8008
320.55548
238.65396
1319.6406
851.56757
598.3274
1235.2858
302.07812
816.1106
1360.2119
763.43024
377.48114
1349.1177
453.18384
1001.70197
1014.40344
1303.4042
1088.5432
718.9448
898.14935
1642.807
1088.9602
900.8905
2366.2432
262.17346
581.60254
424.94962
693.8883
2212.5898
1071.6168
1288.8376
1303.581
1575.7833
1866.2412
701.0513
1250.514
1367.4885
884.54663
1127.5167
292.38287
219.8718
709.0366
1195.1196
2287.1863
1069.1772
2257.9788
703.1433
1102.1338
1406.6133
1541.394
515.5386
1132.3877
980.1941
1001.3704
1169.8533
202.06764
344.08932
986.656
868.40283
546.7281
678.4537
1108.7147
1645.2922
1014.92053
657.087
1166.9196
250.21976
1207.3577
725.2916
1447.2114
279.12775
1178.0068
508.1427
469.8448
514.68115
1244.0599
596.871
1167.3359
1008.9116
1311.4092
1115.161
1624.7188
797.0603
560.8894
686.7814
1599.916
789.0248
1087.9305
270.65417
137.23903
1153.4983
1116.8936
589.97894
606.69794
928.8285
1331.7751
261.91208
756.2606
609.9679
616.0268
956.64594
517.4315
1019.4739
1685.9424
1286.4318
423.454
392.96796
628.03296
1274.1539
1299.3752
301.1563
1525.0292
1235.9348
1334.7478
1137.9126
1168.6953
1044.2485
332.25885
527.96313
495.686
524.41473
1019.0401
1157.7385
604.98346
765.61523
1173.7582
774.0631
2401.1768
550.99426
591.0584
542.0487
1506.168
1164.0851
844.50146
343.9569
1267.3943
732.8401
2079.0789
956.71277
483.99057
1197.713
810.5665
582.22864
1517.8054
847.35516
718.4171
536.17163
1010.9546
1388.2098
1430.6881
859.7979
512.1886
656.16766
1065.5471
1016.04126
727.0989
392.09598
1994.9775
1021.1668
1194.7261
1095.7662
271.75708
989.15094
408.3617
358.96667
1115.9496
557.2658
92.80177
674.275
1488.8341
559.22327
436.63538
2414.3662
1092.5613
652.29065
1857.2441
589.32837
1091.6421
1346.4071
1024.5625
249.54668
900.1394
865.5416
856.36914
1202.3259
580.4608
670.1875
1617.9197
1045.9303
910.9041
1157.2762
1672.4055
2377.396
1380.7322
1245.6423
1210.5979
960.01306
890.4729
1024.3933
537.7346
408.15356
901.075
721.84375
212.88847
988.8893
1093.415
511.95587
1210.5681
1196.8195
834.6192
690.4061
437.31125
803.2811
820.37213
1144.6985
730.6315
1178.4421
944.68835
868.64844
1236.8688
460.21512
1290.7948
1318.4382
422.39664
2247.559
811.39417
717.8956
438.2497
1008.74
777.98785
302.14832
544.62787
970.3693
1597.3228
1504.3877
975.7376
2139.5884
600.6338
554.1379
1419.4543
2321.0938
370.93698
2058.5771
1919.0654
454.85962
391.7288
1573.8999
657.25464
1400.7971
1061.0132
1529.8927
1407.9519
1547.3419
1132.1721
975.9258
919.6721
1473.0428
500.27167
529.00244
549.9306
1350.9164
526.45703
929.3603
397.02597
724.2769
1015.11316
620.91516
245.96533
1275.1702
1073.938
1051.7611
1531.9313
581.3468
1365.2595
497.7212
629.8369
373.3292
688.72363
435.66226
866.5342
503.68033
843.8803
1085.0131
1360.7087
872.23
2152.2202
1144.8597
1228.2076
1252.559
428.5382
337.66806
491.34586
647.7788
625.8222
250.19672
1306.1785
1545.1315
632.9889
521.0323
1229.5098
1461.2814
1171.4626
555.16284
1042.9572
476.45285
1547.8529
1163.228
477.0327
230.19266
1222.6665
453.26315
1505.3671
1238.5581
1425.0494
670.4235
256.73422
863.20886
1095.5757
1274.1472
849.6708
536.61395
639.5189
1204.662
944.57446
1432.4418
1030.466
426.83368
813.3347
655.8729
786.07166
1083.9589
743.7761
1103.8927
546.55725
508.0174
947.0753
616.5703
1318.2129
771.2683
1589.7073
1392.1171
740.838
325.49506
1306.9751
424.23816
946.6975
438.7918
889.82526
245.99142
779.3943
543.46375
913.9492
697.99316
1445.1422
1591.6047
252.97209
1104.3293
1249.4064
956.37036
530.46533
1034.9924
1518.6064
616.9415
443.94266
1013.6059
2239.8533
1890.612
622.2571
821.77435
652.6144
773.5982
1215.5675
603.34875
1137.5802
1838.7338
1144.0839
1417.9327
499.54337
538.44824
893.5315
777.4729
638.73755
1358.6649
378.47678
761.30164
1493.372
767.0784
430.49567
1480.9031
1490.385
369.24994
1157.9333
849.7938
1227.9248
394.68835
1416.093
592.33984
541.494
1124.7849
998.6243
1009.1425
1301.6671
416.48102
589.8046
1388.4485
1025.3845
1255.124
530.3386
433.2135
1436.6454
1745.4344
1749.3425
787.27454
128.0388
320.56943
918.8982
445.09366
387.39685
1053.5712
767.8176
485.42163
196.3487
742.5932
592.1225
1291.1648
1100.8242
1212.5928
1266.5896
454.0745
1251.8336
978.6301
1173.9208
1131.1311
1130.0796
1289.7606
721.8202
605.6924
897.423
322.20435
2011.2808
249.16754
1011.42224
1192.9656
1226.2697
1136.0486
1258.3392
1004.4992
964.03394
1328.3817
1099.7562
1079.302
607.6453
495.8477
1283.1042
527.89655
1170.5236
1104.6127
1021.7268
543.8473
400.46826
390.02145
1018.93994
646.27795
1276.2583
1233.2684
1880.8511
1023.4979
815.88007
642.3712
580.51685
551.9962
1087.1929
1147.9202
915.3573
1840.044
912.69617
1720.1254
2337.6714
537.7432
421.0158
861.2885
648.65265
684.0687
1044.8112
1469.856
1288.5345
601.3126
860.8683
694.30835
593.6835
1445.573
1572.3044
1078.7998
1226.0223
645.6523
585.70703
343.12616
1330.1316
