1289.1561
1023.34015
902.78937
1193.5624
593.41046
1287.5768
1129.199
237.40018
1232.7404
722.024
460.29315
881.38495
366.2748
1379.2812
1267.7272
993.08923
1348.8074
1186.297
1527.3022
372.76782
2253.4072
1164.1307
367.5444
818.3735
535.5144
423.59305
1437.3578
1325.3601
861.2012
1157.513
543.06195
463.20667
400.00592
458.29388
1378.2246
327.90314
1062.7468
582.3435
2113.526
505.82086
787.10986
1513.4739
598.60284
383.63562
330.37454
448.69308
1176.7993
729.00085
561.8086
275.97556
658.801
1464.275
939.9103
1318.5879
929.28796
797.492
673.78186
1183.7671
485.11005
657.0134
1241.6185
338.45667
302.8318
1137.0742
1486.9183
1145.4156
398.8048
1072.3357
607.6881
1276.6138
1163.0266
769.46936
1176.4548
1226.6926
914.6858
898.2467
770.70435
1095.0658
489.52863
1316.4817
820.803
1330.4741
221.89569
1159.4773
756.3398
1044.7656
878.8802
1115.3132
1009.18616
1116.9642
1354.0929
844.3447
1238.9346
2418.6528
693.67474
1320.4614
609.2042
1164.9639
657.8513
700.38025
1449.709
1102.6443
1206.2561
385.09875
1045.7616
1353.9983
833.8793
739.4081
2260.3296
2382.0593
1429.2244
498.99152
795.8701
279.7467
554.73035
399.74316
2305.973
1088.6921
1343.6284
672.7161
362.45966
750.775
1204.7583
1364.064
1337.3049
1049.3248
390.55072
554.12537
2309.1694
856.1935
666.11926
468.6453
1024.4128
2061.6958
1226.695
190.16992
1149.8113
614.9708
859.0012
1014.7758
1328.8992
1389.2767
479.17017
757.79285
815.85077
512.9564
837.61896
1118.1781
363.81534
1285.8987
2332.4229
919.8126
984.51324
409.2322
742.9112
1089.1406
1178.4194
1420.7053
902.1046
305.752
1081.8652
1356.0669
785.34045
1078.831
1102.644
846.29333
2389.9097
1478.5627
848.8855
726.7106
855.0811
366.46286
568.23645
552.9777
486.56415
1546.9628
1202.1503
506.43896
1204.2085
806.2589
1497.3215
577.4368
2551.9072
404.39706
2313.3223
1952.1648
1518.9263
2357.8396
409.83603
1391.3542
852.98303
573.77405
1380.9536
1051.2495
214.42885
356.2229
872.2667
356.27277
700.2469
1524.5862
1015.4175
1161.7971
1196.1777
595.82404
302.05734
779.41174
626.77893
501.8096
387.22223
1073.8871
899.6112
559.03613
422.77536
2246.6067
1434.61
796.8657
410.12097
645.56946
1070.0977
691.58887
2190.814
607.00146
2227.3066
245.74016
1305.1797
1254.3453
2208.1816
1427.3945
523.8571
421.27374
1087.4376
209.65952
572.46783
1185.0072
1183.8287
1101.4861
767.7926
1098.5193
2364.2217
942.952
1118.3579
194.0539
2550.153
1123.7148
931.7207
700.7993
1360.1451
1084.1447
920.8894
1280.2728
1407.8894
821.46674
753.73724
551.6256
1205.3025
1032.8098
1455.8555
1502.3524
1381.0624
1062.1405
1405.7317
1437.5068
680.5332
409.29114
935.6629
1017.29565
1340.7258
1018.99646
836.7302
846.62396
1100.2473
1613.9839
645.33936
1127.1105
542.62646
1330.4031
543.79456
1291.8909
1127.6136
1625.6072
420.40503
1133.1453
1240.218
502.0737
514.75085
1129.0238
524.7155
234.18224
812.12354
1155.6608
1752.0288
1372.6989
1011.3251
1125.1134
361.713
1198.0199
1275.0791
2262.7776
684.4874
254.03664
1022.9491
1367.7928
267.34528
443.05438
1071.1514
1405.2443
759.6602
424.60205
346.49188
1358.2793
1595.353
672.89233
559.02045
2456.065
980.1185
966.53937
1163.3204
858.26184
339.57202
346.0291
837.7054
1139.052
975.7928
934.8494
340.4961
2437.9282
597.7289
379.32904
1322.1077
905.682
317.45215
1083.3
1521.9484
430.20612
1176.1765
1084.866
1602.1998
960.10175
968.37604
925.42303
430.1761
1163.1058
1001.57513
354.49265
1111.7922
1326.9912
317.1863
609.11884
665.896
910.40283
496.80292
599.2156
508.46063
618.5656
144.5521
396.43335
307.98752
745.8998
743.11957
614.9659
695.80164
373.2683
1401.1753
814.60736
265.19168
732.16846
1581.0713
1110.6097
1386.2358
474.98337
303.2527
1063.5824
937.31116
987.2755
1276.6769
1121.2784
507.02374
1336.1586
153.00873
387.58624
1732.7893
776.07587
494.2259
209.14511
1431.2686
489.99603
853.69476
1220.356
857.7755
1075.4922
570.4507
524.0145
1000.05493
1099.8192
723.17676
1030.3971
1633.7672
1072.1993
870.1068
1000.3343
624.419
1504.9712
908.70154
1493.5159
737.7993
423.31952
1319.3142
672.0299
953.5156
492.38525
335.38083
989.1626
808.09595
591.31665
1584.2759
386.7561
990.99963
936.54224
450.86655
750.4358
780.38983
466.5891
388.14172
810.0917
1470.113
221.44504
1016.1727
465.96707
1046.0742
906.45605
819.61487
1060.9507
956.2445
1146.7173
1093.1096
859.2881
553.1936
717.0864
1520.8253
1768.4084
879.6615
1326.7561
1067.3608
618.49384
539.3844
1371.2087
1392.0886
841.5473
1373.4948
1313.8527
463.61377
747.85046
1387.9221
530.3071
927.6295
1231.7021
1220.4991
631.36084
1227.0234
489.38287
561.8934
1146.02
623.8506
1204.5613
779.1848
1192.2445
390.4131
979.8762
1138.1742
1183.5
688.3245
1331.0812
1079.0757
1417.2666
1022.68713
1207.0013
426.35638
675.01166
470.90793
696.94763
448.3546
1275.711
898.07227
1636.6085
593.32605
574.4817
718.88916
1249.8566
1243.854
832.3015
2143.9194
588.4936
391.63757
758.24396
1150.101
1162.1375
813.9544
436.41367
1202.6598
650.7207
601.9823
1265.1079
1288.7202
986.8549
1437.5508
1129.9736
457.13562
457.19763
747.52246
958.52924
1270.5665
1317.9861
493.29614
177.23515
452.05
352.20294
1002.4186
1478.9999
337.30792
717.8131
820.03
471.50595
1598.1895
855.9945
760.069
1126.6449
1560.4451
417.20953
1146.7153
1114.286
1266.3062
620.3437
785.16406
414.73126
324.4746
382.31985
740.07666
1396.7021
563.57513
749.75323
733.781
644.6609
1039.4937
2182.4023
692.1474
1097.0156
940.299
2385.0884
496.9579
1464.7388
1447.5474
756.10974
1124.0249
974.5429
972.5255
1288.3082
1058.9646
718.8241
2213.9834
569.3113
380.05316
1082.4335
568.4411
658.32825
1745.3871
1549.7874
1316.2322
304.22482
1100.5146
252.18666
765.854
1029.6133
1208.0963
663.85
757.42737
885.8002
384.08774
326.4994
1192.3126
730.34393
430.1665
1458.0183
1072.3909
1427.5562
890.0634
676.9503
156.27875
633.1873
1508.2362
322.5451
367.4289
495.39346
573.39343
977.61505
1055.0975
684.3457
1294.8997
1164.967
154.43988
1001.1157
553.83496
1135.6382
635.03955
1242.4886
1089.8967
1343.6796
1141.8408
453.41238
795.5712
711.5265
1300.6881
1333.5881
379.6291
1728.6228
347.8623
572.4124
1190.0468
902.268
207.67194
809.5087
668.2482
1300.7712
534.41394
688.7809
1538.8845
1210.2258
202.49324
1211.0018
828.4313
1277.1475
518.8785
1044.7231
1283.7158
1276.8107
342.16284
1115.1809
1658.2805
565.6803
1191.9138
667.5541
733.4045
765.9868
687.02014
1377.2354
1150.1687
2391.1658
925.1052
1971.4514
1219.7354
730.0912
1591.6583
1110.5508
2100.6665
595.853
1131.8096
1187.0493
759.4525
607.6024
648.1933
1488.1794
803.0914
1120.6615
464.36035
509.5482
1556.8159
495.3368
275.05536
893.1546
393.25226
1171.1509
185.00186
983.5634
866.6962
695.2769
664.35626
262.32327
560.4435
277.83966
1025.3041
664.809
1028.9403
456.0144
637.26245
1653.5103
1184.5111
1200.7025
577.0115
1101.53
1230.8899
1040.7964
330.0157
1107.4261
329.15958
380.11975
1044.1139
1432.7595
2265.7224
1490.9287
477.20468
308.72763
915.89667
737.27734
927.12866
435.45486
303.54987
769.88965
330.32574
1104.5618
1232.1467
1163.8806
1147.2501
465.85532
831.8163
1287.8273
1587.483
2151.9275
797.9475
606.9012
1034.4739
702.58435
780.25903
448.73248
785.40125
1003.6913
789.6885
1045.9785
1550.3477
657.21265
575.3285
409.5228
1310.5945
539.34576
503.54865
1006.87085
947.5131
886.7182
1263.81
1101.7034
1465.8633
1002.4106
980.7328
619.428
575.564
598.5255
1612.4348
634.1344
1526.377
1223.6262
1850.6139
442.09216
534.1172
937.3909
438.3653
1654.1145
568.24426
612.5574
1015.75305
1213.5247
637.3756
967.35297
1490.163
720.80566
951.19824
1833.3401
693.85065
1182.7961
225.7482
1119.6552
471.1016
1458.5559
548.34436
675.1937
1394.3076
889.78296
1478.4421
1099.6863
1101.485
955.68945
656.4425
1192.0092
464.16577
1467.6786
1046.2588
933.08417
341.1228
1007.9474
544.0735
465.1878
852.50616
843.482
264.52927
1251.0774
1054.8904
1101.5281
400.6773
601.59247
591.59406
484.7401
967.3791
744.4823
1224.1534
391.0181
1547.148
240.82373
792.49524
744.7403
611.38965
179.966
755.46204
709.6081
684.87036
277.27533
643.4952
786.84033
434.47617
277.43576
349.19562
742.0152
1057.0657
838.4247
985.6615
1383.3856
1363.6729
732.1326
900.19073
1387.0808
1112.0325
907.4334
607.02185
986.8833
1329.6888
307.61252
603.74963
467.69763
2290.871
1060.2759
1639.5669
658.84045
450.1333
1126.662
1157.3381
655.26807
1057.395
1118.5774
418.68097
844.0787
584.8486
634.4609
324.56714
430.82825
784.2854
1434.9133
1107.5382
290.4914
608.3946
1265.0474
1178.9532
488.1392
395.15125
840.0997
582.9365
604.9743
1122.2882
1183.891
163.2227
1203.1437
954.6905
1472.311
1016.9286
792.68677
1532.8389
1245.2479
1335.9095
678.8135
839.3342
765.7178
769.2079
1221.4976
1401.0942
1187.9658
1336.0249
1114.4142
1088.8953
529.73865
457.35825
1500.2164
390.49738
750.45496
657.97485
1210.082
205.72987
692.3916
1739.4739
1340.5596
1196.3953
345.93243
1219.5266
475.66888
386.2496
1242.3445
1775.1204
685.56866
994.8511
977.9387
2011.4781
1046.6796
1371.1284
660.3952
1305.7083
1431.1445
1231.3726
1251.6465
570.4607
1230.3322
1220.0856
1272.1161
1066.4302
1059.985
1157.7948
858.6825
641.9752
451.80234
650.3014
827.2096
869.2462
1322.1853
673.6008
1154.262
1015.1926
1126.3213
581.32916
705.8021
758.0454
515.4806
2305.2944
546.8186
1662.0408
2291.0073
689.26306
665.5581
2164.5962
1017.08203
766.2477
1988.2762
485.61182
860.15955
1067.2745
863.97705
234.90074
494.4704
1152.4637
2442.391
463.00153
512.4269
1437.9565
1543.7686
634.82245
341.3729
1430.833
1283.8423
934.8092
1142.7926
1248.8833
1447.5503
1151.9105
357.7777
1045.3368
1221.7914
235.9789
360.2235
338.08432
1459.5947
499.34973
970.0924
1000.3899
427.29114
1532.3304
406.8142
711.08044
1014.6847
1211.2267
1288.2911
1212.6418
796.1693
477.12677
723.2455
1433.9381
539.4711
468.49896
492.51447
1208.2054
492.8401
1259.5234
805.6184
1072.6494
1227.7214
514.39954
1502.4924
545.5297
321.42178
1248.3918
347.4121
1496.9106
802.08203
1459.211
364.0714
1059.0145
1211.1609
1021.473
603.06006
1470.4785
1138.2483
1460.8213
1353.4879
1281.8644
351.71753
2201.8384
475.43536
474.91
1222.4575
837.05145
1121.5898
1682.5947
1068.4678
1403.4681
2139.121
1409.9762
611.98865
1379.0496
903.52844
463.1484
353.79358
840.5856
834.86487
1506.4469
1038.7584
534.8586
863.8588
587.57434
1149.6826
1113.9397
1035.8037
504.40298
411.96243
1048.8059
798.3165
436.38568
1318.2295
737.01166
422.779
1316.3728
962.50525
849.0277
444.85025
856.0455
643.10095
442.11377
818.0779
935.264
754.32153
2377.651
820.96436
980.80273
1330.7467
1082.479
538.46
1160.8597
1099.7156
1273.9282
896.00684
330.63943
331.79462
1593.532
1379.415
1043.8181
939.147
788.08954
1041.2412
1226.4092
1196.8241
1180.7937
1448.3518
515.4805
1196.7797
272.4319
832.20557
290.66135
473.47012
649.2628
1245.8425
1208.3196
1429.3344
1148.0525
1343.3408
390.37936
692.18835
864.81696
1164.8446
479.15976
1002.7433
949.35254
485.27347
1254.9989
1251.3704
2288.8408
500.55756
956.96277
373.3097
1291.6538
1202.5144
1169.2886
1519.4609
2260.2197
1442.4868
406.20123
1415.209
523.7631
879.8159
471.71542
761.13904
1208.6313
774.85596
551.115
894.6101
430.34152
1273.1425
2294.5159
859.36694
2278.1387
1350.2244
1376.1775
554.65295
1376.5035
567.67346
480.02957
1308.279
794.1403
529.63184
283.20477
1239.6182
774.22363
620.1171
926.786
259.04828
458.17902
1108.611
307.28378
833.8718
1057.0507
1475.942
979.1504
725.44696
324.37985
1342.7979
1935.527
581.25287
1060.2012
1431.574
394.3523
846.8947
196.97372
310.98517
971.20514
868.078
1810.7024
1821.8604
1331.4489
588.7919
332.27655
613.8838
869.71124
1056.2686
473.7789
389.49393
347.97543
1036.0914
544.4776
1167.1992
1444.1263
709.5073
663.84106
791.70966
1093.844
405.39877
669.601
949.90967
1509.5925
304.67664
1475.585
1290.8967
1362.3491
532.306
1258.9553
1265.1112
1207.9241
95.08833
730.35
466.68286
677.015
544.7695
1066.2205
1371.6902
1539.8761
510.7444
736.7135
836.4149
507.91837
2499.0474
563.532
645.48865
630.5399
876.99615
403.51666
709.7377
702.1355
834.596
564.1324
1050.1082
250.88878
824.87427
998.5271
484.1281
421.3698
1087.3824
711.36536
1145.5277
1554.9077
1804.8969
533.4845
556.2108
917.36224
721.14825
868.62305
1184.4005
2093.5454
1795.2197
2399.696
646.0973
910.1168
1032.6201
904.121
439.5854
966.3225
624.79456
824.03784
587.5669
663.5635
311.65582
912.78143
525.86145
1275.428
973.04297
1495.8838
300.7041
939.5093
696.55566
758.1636
1127.8712
1246.6786
1444.2161
1195.654
1029.0433
1199.3652
1428.9238
1135.8528
1186.7802
864.23425
1103.5752
1088.9119
790.7195
385.3315
1245.3684
737.7313
619.3773
1023.94495
1262.5977
351.5197
592.6592
1433.6836
450.80444
1487.5089
504.0232
1616.8035
961.731
1304.2849
2216.0396
516.4061
1603.9177
816.5241
1651.671
2078.1382
1215.48
942.26996
483.09238
472.80826
1260.7238
360.31796
2283.7573
484.36957
588.2166
834.5853
959.31946
613.4584
529.9373
368.7593
1265.9415
1205.5006
384.18478
1588.6355
1323.9429
108.04258
599.52954
1013.282
2467.1714
300.02322
825.5729
1481.9022
543.114
1226.9912
1263.6621
2343.8481
2297.0132
1233.3053
668.57697
708.0176
1414.7914
566.63763
1168.6162
1066.6613
1303.7036
528.06445
1144.7357
1501.6588
949.0893
1150.6304
475.7362
407.1094
717.6758
1004.7083
253.1276
1487.0555
878.6047
736.2023
701.593
1590.1699
702.4042
243.62592
680.19775
156.44698
464.56818
336.55295
1024.7904
997.5953
380.46967
716.2902
1017.76184
362.9497
1477.6722
559.60297
884.7152
884.0194
695.0935
326.54712
1196.6638
1070.5107
464.1586
746.6078
695.8621
1124.5818
919.24817
1333.8734
813.20386
1190.331
327.3619
973.02545
992.48755
217.23035
830.68176
610.0091
445.39404
1472.7573
1430.8206
419.08572
1231.0323
1286.2161
845.58655
958.2943
1062.6738
585.1926
558.17847
443.28516
1382.2913
764.1448
671.58594
640.2024
1521.6539
630.6074
522.9686
927.06445
985.8204
281.43884
1089.8702
1250.3486
1049.8525
1587.1057
1363.4502
1511.2778
318.68317
1087.553
384.9978
464.13837
1223.0835
1349.3961
676.97864
644.04565
489.88562
1757.0972
951.2154
592.4278
491.4627
941.1455
1385.9978
718.94244
1147.6173
408.09192
636.6191
402.56964
302.8214
731.9749
1438.4033
396.45697
394.19653
1238.3579
600.09076
428.27136
651.8038
677.8998
1027.0234
1075.522
1143.2295
2154.5322
422.60602
1589.5038
947.98315
473.11426
1214.4491
1194.4932
698.56506
356.47864
1219.935
1163.0044
1108.6804
545.9492
469.31567
329.5597
949.42065
452.74384
1216.9819
476.55896
792.2899
770.7875
1617.6654
1069.6196
487.72223
1038.7837
1552.0579
1481.5881
1909.0571
1586.341
1198.1833
998.93256
162.75046
1433.7197
352.5404
1174.7755
1321.2266
647.4764
910.5017
726.4663
535.5849
1036.7822
2082.929
389.78467
628.63684
1152.5383
1028.1831
1633.5144
1310.8763
750.7755
878.8441
272.54446
468.37036
1190.9609
863.97845
971.2664
1211.1168
1738.7456
1142.5012
321.3026
239.64948
1320.4337
852.50507
599.5249
1235.3911
302.72418
817.0967
1361.2328
764.4735
378.10126
1349.2642
454.02667
1002.887
1015.5217
1304.1804
1089.4146
719.3888
898.6548
1643.9822
1089.5623
902.02637
2366.2068
262.8398
582.4679
425.41763
694.6025
2212.4392
1072.9595
1289.2335
1303.5767
1576.5509
1867.2892
702.0449
1251.1326
1367.5488
885.7349
1127.2554
294.25766
220.95013
709.8369
1195.9673
2287.8877
1069.2665
2257.91
704.37756
1102.3108
1406.752
1542.3972
516.5529
1132.436
980.57074
1002.604
1170.4369
203.33136
344.40228
988.01
868.5281
547.2134
679.14197
1108.6853
1645.3506
1015.75085
658.31506
1167.6907
251.49559
1207.9435
726.6505
1447.3396
279.2635
1178.6478
508.73163
469.99158
515.5591
1245.4142
597.5436
1167.3986
1009.43744
1312.4423
1115.282
1625.7279
798.1296
561.1615
687.74756
1599.9686
789.85425
1088.0181
270.7003
138.29158
1153.8527
1118.1865
590.52014
607.89636
929.5097
1331.7673
262.34344
757.35
610.5054
617.1729
957.60425
518.4158
1020.034
1686.1611
1286.5944
424.19305
393.7876
628.28656
1274.9757
1300.1887
302.14267
1525.8608
1236.9478
1334.797
1139.0729
1169.3569
1044.1405
332.85474
528.0813
496.9859
525.521
1019.1773
1158.9421
605.9922
766.5238
1174.3269
775.04785
2402.1277
551.8219
592.13727
543.1408
1504.9832
1164.1434
845.0923
344.71826
1267.6057
733.3926
2079.8418
957.03204
484.5628
1197.7922
810.86255
582.8707
1519.134
847.7075
718.5064
537.35266
1011.05786
1389.0204
1431.5593
860.8652
512.7499
656.99854
1065.5061
1016.97253
728.4225
393.0634
1994.5653
1022.4488
1194.7551
1096.8191
272.6198
988.9488
409.8758
359.49115
1116.3478
557.29865
94.15986
674.3718
1489.1326
559.30383
437.67337
2415.44
1093.131
652.9634
1857.6228
590.0458
1091.9214
1347.4042
1025.1475
249.80536
900.9706
865.96106
857.1159
1202.5989
580.6708
670.8369
1619.2546
1047.4736
911.6926
1158.6125
1673.4856
2377.872
1381.6135
1245.6359
1210.7152
961.22046
891.62866
1024.5748
538.49115
408.81393
902.0708
722.68604
213.77785
988.98254
1093.7743
512.6934
1211.2035
1197.1924
835.74695
691.53076
438.1028
803.37054
821.5955
1144.9226
731.44244
1179.5116
945.452
868.68445
1236.9867
461.2542
1291.3395
1319.2998
423.33295
2246.5535
811.81616
718.9896
439.10425
1008.9073
778.09656
302.2669
545.3704
970.64923
1598.4019
1505.3418
976.9741
2140.4133
601.22876
554.8843
1419.7915
2321.4526
371.5284
2058.5532
1919.7938
455.54358
392.63074
1574.0311
657.3043
1401.7695
1061.727
1529.8408
1408.2224
1548.8698
1132.5022
976.6185
919.87915
1473.3556
500.3451
529.5344
550.8916
1351.2035
527.1324
930.50073
398.11072
725.2262
1016.037
621.0001
246.7829
1276.2291
1073.8153
1052.1246
1532.1355
582.4153
1365.103
498.5158
631.4403
374.81488
690.3279
436.34763
867.6783
504.33405
844.04736
1084.9021
1361.3878
873.02106
2152.4197
1145.1912
1228.3918
1252.8734
429.17108
338.43646
492.06293
647.9465
626.6952
251.1985
1306.1565
1546.0901
633.55237
521.87305
1229.773
1461.7427
1171.5995
556.4071
1043.0482
477.18805
1548.2214
1163.2117
477.6501
231.26355
1222.7163
453.22797
1505.0029
1238.8455
1425.1013
671.8435
256.93228
863.66187
1095.4917
1275.3413
850.5076
537.676
641.0095
1204.5023
944.6542
1433.3704
1030.8019
427.48203
813.77954
656.0654
786.38086
1084.8516
744.81604
1104.18
546.5748
508.6256
948.23566
617.12683
1319.0759
772.1914
1590.2305
1392.987
741.4385
326.6731
1307.2269
424.64584
947.5644
438.99792
890.84937
246.59317
780.4719
544.8967
914.99426
698.35376
1445.6383
1592.8556
253.2425
1104.6266
1249.4589
957.46606
531.22186
1035.0098
1519.0109
617.4682
444.04004
1014.4122
2239.3555
1890.3933
623.09595
823.0215
653.45245
774.9481
1216.5472
603.5585
1137.637
1839.7834
1144.6287
1417.8943
500.88828
539.0763
894.23883
778.4508
639.16113
1358.852
379.35443
762.0536
1493.2816
768.2599
431.28812
1480.7194
1491.3196
370.3476
1157.8025
850.50903
1228.8564
395.1819
1416.698
592.73004
542.6362
1125.3984
998.74945
1009.517
1302.6847
417.67352
590.8805
1389.0112
1026.4794
1256.5106
531.0606
434.13248
1436.7554
1745.6578
1749.4749
788.2667
129.28745
321.1619
919.0622
445.67944
388.41528
1054.6152
768.91565
486.7
197.11041
743.2342
592.7641
1291.1353
1101.9606
1213.1674
1267.0594
454.62735
1251.9067
979.62366
1174.2374
1131.8569
1130.1333
1290.2987
722.2582
606.364
897.6071
323.31372
2011.209
249.56046
1011.9732
1192.9928
1226.0391
1135.9772
1258.3098
1005.50446
964.90594
1328.3455
1100.9257
1080.1006
608.0944
496.05634
1284.4592
528.8375
1171.5955
1105.8395
1022.88293
544.4772
401.08832
391.05844
1019.15607
647.1941
1276.2982
1233.5314
1881.1143
1024.3927
816.9604
642.8533
580.57825
552.49
1087.3915
1148.1454
915.81165
1840.3518
913.202
1721.4352
2337.6848
538.34033
422.49835
861.8484
649.48706
684.5718
1045.3145
1470.9717
1288.7363
601.6318
860.9504
694.65686
594.76324
1445.6958
1573.3643
1079.6315
1226.4586
646.8422
587.06067
344.1371
1330.3293
