1288.7925
1023.04846
902.7669
1193.2544
593.3448
1287.0875
1129.165
237.01459
1232.3772
721.1139
459.57224
880.78613
365.98163
1379.3307
1267.3623
993.0811
1348.8185
1185.7211
1526.9177
372.3889
2253.1519
1163.5337
366.85864
818.03217
535.2637
423.22296
1437.3816
1325.1118
860.68896
1157.0266
542.6461
463.0918
399.62582
458.11838
1377.6499
327.28137
1062.2871
582.2728
2113.4858
505.23035
786.49194
1513.4287
598.11316
383.13904
329.93164
448.00464
1176.357
728.9693
561.75366
275.55035
658.19836
1463.8995
939.2945
1318.0828
928.8709
796.9198
673.26245
1183.7106
484.70892
656.2705
1241.0691
338.1046
302.75037
1136.6138
1486.7236
1145.2131
398.30145
1071.8293
607.0371
1276.3993
1162.9954
768.821
1176.133
1226.156
914.2931
898.175
770.2865
1094.7719
489.3736
1315.9312
820.03296
1329.7317
221.33354
1159.3381
755.7621
1044.2278
878.26624
1115.0979
1008.7562
1116.5022
1354.0336
844.3392
1238.7234
2418.7642
693.0056
1319.9692
608.8168
1164.6091
657.60425
699.9582
1449.6716
1102.3365
1206.0149
384.50348
1045.5972
1353.5642
833.30035
738.8589
2259.996
2381.9307
1429.0778
498.78918
795.54224
279.41382
554.7324
399.0953
2305.668
1088.1848
1343.1824
672.56165
362.03516
750.636
1204.7982
1363.9855
1337.3191
1048.844
390.0575
553.77997
2309.0806
855.9707
665.4392
468.14777
1023.7663
2061.619
1226.4353
189.66866
1149.2383
614.9566
858.98346
1014.2243
1328.9333
1389.0428
478.7966
757.2774
815.2631
512.3376
836.9828
1117.7592
363.7917
1285.8577
2332.6792
919.2504
984.1433
408.6516
742.844
1088.8535
1177.9473
1420.7178
901.5104
305.63153
1081.4929
1355.7485
784.8898
1078.6443
1101.8984
845.6631
2389.478
1478.2369
848.3383
726.2799
854.61633
365.92566
567.7061
552.3716
486.35498
1546.7682
1202.0083
505.9746
1203.5149
805.7741
1496.9415
577.3373
2551.8794
403.77887
2314.5376
1952.093
1518.5143
2357.805
409.4237
1390.9026
852.7207
573.2154
1380.9194
1050.8052
214.00342
355.68033
871.6703
355.6325
699.5829
1524.0015
1015.2665
1161.8721
1195.7107
595.4527
301.61453
778.9885
626.60846
501.2414
386.61765
1073.7158
899.72986
558.5938
422.72345
2246.5986
1434.419
796.4342
409.68466
645.28595
1069.5095
691.5507
2190.187
606.47815
2227.0542
245.34343
1304.6064
1254.3694
2207.603
1426.9075
523.183
420.80563
1086.815
209.268
572.4082
1184.2532
1183.6218
1101.5032
767.2002
1098.0519
2363.8777
942.4061
1117.7834
193.54729
2550.0786
1123.6826
931.1847
700.69086
1360.0911
1083.9303
921.0061
1280.0922
1407.7568
821.05536
752.94946
551.52496
1205.0474
1032.1226
1455.7391
1502.3865
1380.934
1061.7139
1405.6475
1437.467
679.84503
409.13818
935.2023
1017.1959
1340.6559
1018.9873
836.38257
846.13135
1099.4269
1613.3312
645.0284
1126.6345
542.1864
1330.2764
543.2688
1291.846
1127.383
1625.5825
419.9897
1132.8806
1240.286
501.60345
514.40906
1128.847
523.7861
233.80096
812.2007
1155.5968
1751.4137
1372.6616
1010.9431
1124.9609
361.27628
1197.7085
1275.1543
2262.8274
684.0801
253.25725
1022.6438
1367.7352
266.67865
442.5372
1071.161
1404.72
759.01324
424.51447
345.86386
1357.9336
1595.2158
672.2051
558.89386
2456.0667
979.43555
966.5836
1162.9985
858.0982
338.68073
345.10947
837.35376
1138.3225
975.3965
934.5194
340.14697
2437.7876
597.25934
378.43207
1321.5146
905.53064
316.96838
1082.8157
1522.1748
430.15506
1175.8796
1084.606
1601.5034
959.49554
968.43396
924.9972
429.96866
1163.1746
1001.5436
353.97974
1111.6726
1326.8906
316.72794
608.7908
665.45465
910.04926
496.23358
599.0383
507.89075
618.18884
143.92245
396.1308
307.44528
745.8187
742.6426
614.53284
695.3789
372.9298
1401.0518
814.33594
264.64105
731.52905
1580.6277
1110.5151
1386.2086
474.58252
302.45697
1063.5913
936.70935
986.96405
1276.7788
1120.947
506.92194
1335.4706
152.26569
386.88608
1732.799
775.58545
493.71863
208.35352
1431.1211
489.36273
853.1125
1220.2607
857.77856
1075.0375
570.00934
523.7462
999.7336
1099.7332
722.6619
1029.9299
1633.106
1072.1094
869.6056
999.9602
623.7446
1504.7874
908.6107
1493.4697
737.31604
422.69553
1318.6881
671.88794
952.8281
491.61804
334.96356
989.0029
807.8044
590.8872
1584.9838
386.3252
990.8302
936.45105
450.40756
749.8048
779.97766
466.03647
387.35345
809.4679
1469.6461
220.75055
1016.1812
465.3429
1045.453
906.11096
819.5659
1060.5651
955.854
1146.2896
1093.0076
859.2364
552.8283
716.69324
1520.6865
1768.2657
879.2892
1326.5847
1066.8398
617.8781
539.0775
1370.5894
1391.5583
841.1938
1373.495
1313.5466
463.09027
746.97
1387.3896
529.82263
927.07825
1231.1704
1220.2905
630.7577
1226.5593
489.10388
560.9507
1145.9565
623.0122
1204.4971
778.8976
1192.2559
390.0271
979.48865
1138.0848
1183.5759
688.0021
1330.9204
1078.7971
1416.5685
1022.40674
1206.5457
425.948
674.8713
470.33923
696.4558
448.24243
1274.9307
897.5332
1636.5618
592.47766
574.0864
718.8052
1249.6202
1243.8219
831.7649
2143.8408
588.40784
390.9427
758.1719
1150.0447
1161.3223
813.7949
436.0717
1202.2178
649.7776
601.8446
1264.3766
1288.5647
986.5913
1437.3867
1129.5226
456.84576
456.69562
747.16187
958.43414
1270.2002
1317.6665
492.93173
176.853
451.43283
352.10162
1002.51404
1478.835
336.49377
717.78174
819.44995
471.2566
1598.1519
855.46594
759.64136
1126.1287
1560.064
416.73645
1146.7634
1113.6837
1266.5374
620.1991
784.31934
414.18332
323.83365
382.03802
739.4212
1396.1012
562.94196
749.42175
733.4867
644.16284
1039.6367
2182.3115
691.428
1096.8743
939.92847
2386.1077
496.3592
1464.1943
1447.4136
756.0357
1123.9199
974.47974
972.1594
1287.7458
1058.7386
718.4634
2213.975
569.2401
379.65335
1082.0833
567.9332
658.17883
1744.5791
1549.2747
1315.5864
303.62943
1100.0398
251.66486
765.44434
1029.7463
1207.5437
663.4026
757.02954
885.12683
383.6987
325.94833
1192.0818
730.0967
429.5761
1457.7761
1071.9346
1427.4929
889.55273
676.89294
155.63383
632.62915
1508.2539
322.45984
366.65155
494.95084
573.033
977.6593
1054.9985
683.8922
1294.2236
1164.8551
153.84465
1000.71844
553.2906
1134.8547
634.5072
1242.2205
1089.5962
1343.7151
1141.7614
452.84155
795.0023
710.952
1300.7314
1333.5618
379.26556
1727.9183
347.14832
572.01654
1189.9915
901.87415
207.09772
809.0076
667.95825
1300.7289
533.88947
688.3662
1538.6128
1210.273
201.90501
1210.9519
828.11194
1277.2021
518.5569
1044.1829
1283.3777
1276.8978
341.61203
1114.6912
1658.3306
565.213
1191.5176
667.1892
732.88074
765.6033
686.754
1377.2334
1149.5803
2390.739
924.85144
1971.3701
1219.4615
729.8069
1590.8572
1110.5262
2100.0796
595.50665
1131.7307
1186.9866
759.39954
607.30994
647.7056
1487.6832
802.9518
1120.7069
463.96902
509.4496
1556.7465
495.08676
274.8058
892.94916
392.99487
1170.641
184.3141
983.0139
866.11884
694.6438
663.9448
261.70703
559.8424
277.3
1025.3495
664.5381
1028.5155
455.33124
636.73846
1652.942
1183.8782
1200.3914
576.183
1101.2397
1230.7675
1040.489
329.47638
1106.6953
328.62256
379.77747
1043.7642
1432.5972
2265.4727
1490.3088
476.75754
308.39542
915.80066
736.8642
926.6139
435.37833
302.94696
769.28125
329.9464
1104.4379
1232.0764
1163.687
1147.2496
465.39316
831.46375
1287.5677
1587.3988
2151.9043
797.91626
606.22595
1034.5798
702.0277
779.60724
448.43933
785.0647
1003.24524
789.18835
1045.9292
1550.2402
656.7522
574.7811
408.85715
1310.3638
538.9092
503.13834
1006.1722
947.12195
886.27814
1263.4065
1101.707
1465.313
1001.85254
980.73645
619.4348
575.0247
598.1482
1611.5458
634.1804
1525.8552
1223.553
1849.6411
441.81778
533.5907
936.98425
438.33032
1654.1082
567.8503
612.31604
1015.51843
1213.3267
637.26575
966.92126
1490.0106
720.48975
950.5748
1832.8564
693.5228
1182.7343
225.12651
1119.2035
470.503
1458.6571
547.7304
674.99536
1394.3158
889.4977
1478.0676
1099.2522
1101.3171
955.1293
656.07367
1191.9948
463.7448
1467.2256
1045.8325
932.5587
340.97034
1007.64636
543.48865
464.87173
851.72107
843.4536
263.9423
1250.7493
1055.2048
1100.8927
400.1753
601.06366
591.1323
484.09335
967.00616
743.947
1223.6798
390.35916
1546.9841
240.5286
792.362
744.28125
610.9075
179.3894
755.1693
709.0116
684.4761
276.87915
642.9944
786.80493
433.9499
277.0994
348.50998
741.6666
1056.5237
837.99036
985.0513
1382.9727
1363.5164
731.66956
900.1243
1386.9349
1111.3833
906.816
606.648
986.80615
1329.5371
307.3551
603.11145
467.23547
2290.7686
1060.1688
1639.5308
658.32574
449.64102
1126.3772
1157.1914
654.8402
1057.3458
1117.9346
418.06244
843.9741
584.37366
633.9772
324.05414
430.24222
783.8113
1434.7958
1106.785
289.83405
608.3509
1264.4109
1178.8081
487.3476
394.62186
840.01526
582.571
604.58203
1122.2821
1183.8707
162.59299
1202.8627
954.04315
1472.3456
1016.4087
792.19006
1532.5447
1245.3102
1335.5293
678.4298
838.8955
765.11633
768.7017
1221.6215
1400.4515
1187.8583
1335.7524
1113.8776
1088.908
529.17664
456.8862
1499.8445
389.91302
750.3517
657.6321
1210.0847
205.14465
691.7821
1738.8759
1340.5767
1196.0132
345.2801
1219.5402
475.6279
385.7838
1241.7025
1774.9636
685.5972
994.37823
977.8164
2011.3519
1046.2725
1371.0714
659.92725
1305.0374
1431.9229
1231.3295
1251.603
569.9454
1230.2715
1219.4193
1271.9883
1066.1893
1059.7333
1157.8058
858.5559
641.8423
451.34827
650.24146
826.939
868.71405
1321.7788
672.9938
1154.2203
1014.5144
1125.7664
580.792
705.714
757.48926
514.8804
2305.3232
546.12744
1662.0155
2290.7397
689.1563
664.948
2164.4297
1016.704
766.25854
1988.4496
485.41882
859.705
1066.9625
863.3915
234.51147
494.13132
1152.2784
2442.3262
462.8954
511.84283
1438.1561
1543.71
634.43884
341.14893
1430.8292
1283.8959
934.665
1142.3759
1248.6383
1447.5172
1151.854
357.7303
1044.9763
1221.5037
235.41823
359.9392
337.98608
1459.5159
498.79745
969.57983
1000.3963
426.5207
1532.1255
406.26428
710.4456
1013.9972
1211.2698
1287.7793
1211.9594
795.8341
476.65756
722.7188
1433.9584
539.41724
468.39148
491.93494
1207.4617
492.36166
1259.2041
805.07275
1072.6974
1227.625
513.8585
1502.2324
545.43274
320.683
1248.1555
347.10175
1496.9415
801.4362
1458.8627
363.6667
1058.9542
1211.2197
1021.2604
602.9842
1469.7928
1138.249
1460.5657
1353.015
1281.8484
351.3837
2201.9238
475.41122
474.62112
1221.9401
836.4556
1121.322
1682.6367
1068.381
1403.37
2138.9644
1409.9099
611.6482
1379.0127
902.8315
462.51147
353.34723
839.98987
834.17847
1506.2593
1038.3579
534.7698
863.242
587.29834
1149.5867
1113.8307
1035.7584
503.97842
411.6263
1048.421
797.8165
435.9613
1318.2192
736.37225
422.7742
1316.1729
962.205
848.5679
444.2082
855.7048
642.51807
441.3964
817.6781
935.1963
753.90137
2378.083
820.7867
980.19464
1330.2844
1082.4946
538.0686
1160.4423
1099.6499
1273.9639
895.5656
330.20227
331.192
1593.6865
1378.7565
1043.6885
938.5737
787.5368
1040.5359
1226.4077
1196.2847
1180.7842
1447.7937
515.2167
1196.491
271.9347
831.75574
290.17505
473.1145
648.6007
1245.7341
1208.313
1429.1869
1148.0217
1343.1345
389.79266
691.6936
864.85706
1164.7512
478.605
1001.98413
949.25555
484.66754
1254.6833
1250.9275
2288.146
500.2492
956.4107
373.27164
1291.617
1202.1537
1169.1725
1519.4958
2260.0605
1442.0886
405.9083
1415.3015
523.51306
879.55444
471.51398
760.3524
1208.6309
774.2145
550.7648
893.93823
430.14594
1273.1353
2293.9695
859.0486
2277.9568
1350.1357
1376.1459
553.8366
1375.9525
567.442
479.5854
1308.2449
794.1552
529.64343
282.92798
1239.0848
773.72833
619.37274
926.61145
258.56854
457.67883
1108.5144
306.73355
833.28766
1056.9172
1475.3892
978.62024
725.3347
323.664
1342.7942
1935.7319
580.8057
1059.7734
1431.4385
393.6518
846.5205
196.63467
310.42615
971.23083
867.5707
1810.4552
1821.7195
1331.4407
588.3111
331.77414
613.7744
869.1593
1055.918
473.40628
389.21198
347.62347
1035.7766
544.1561
1167.2156
1444.1465
709.0966
663.5439
791.52856
1093.7761
405.11893
669.1759
949.7919
1509.1228
304.36432
1475.587
1290.3767
1361.8352
531.94226
1258.7925
1265.0723
1207.2688
94.67401
729.8519
466.0361
676.2497
544.71576
1066.1555
1371.4252
1539.3961
510.3385
736.3756
836.3368
507.51758
2498.551
563.4319
645.03845
630.0509
876.8924
402.94702
709.3372
701.76013
834.2128
563.43774
1049.9421
250.21077
824.3837
998.2505
483.63873
420.70752
1086.96
710.8419
1145.5078
1554.3535
1803.9917
532.971
555.584
917.31946
720.8771
867.98413
1184.1301
2093.6807
1794.6697
2399.1914
646.1324
909.74567
1032.3328
903.54407
439.01123
965.7976
624.68427
823.502
587.1928
663.24927
310.95963
912.1937
524.9348
1275.3785
972.9973
1495.9207
300.19693
939.2719
696.496
758.0571
1127.4727
1246.5674
1444.125
1195.4065
1028.5671
1198.8518
1428.7611
1135.2253
1186.6785
864.0903
1103.5164
1088.606
790.57574
384.89832
1245.2065
737.3804
618.8895
1023.7687
1262.5867
351.04477
592.0357
1433.7653
450.09668
1487.4192
503.42212
1616.6177
961.22034
1304.168
2215.9458
515.8536
1603.6904
816.05054
1651.066
2077.9233
1215.2358
941.78406
482.68842
472.77176
1260.5957
360.26685
2283.6997
484.02094
587.49756
834.5358
958.9662
613.0258
529.943
368.35107
1265.8458
1205.3143
384.014
1588.5803
1323.4283
107.5706
599.128
1013.2988
2466.7766
299.323
824.9705
1481.4314
542.8466
1226.8352
1263.1765
2343.3267
2296.6975
1233.2448
668.0976
707.6062
1415.1469
566.2148
1168.5847
1066.5806
1303.6799
527.96814
1144.7433
1501.3212
949.0487
1150.4031
475.11157
406.32468
717.0969
1004.2537
252.7953
1486.9725
877.92456
735.6387
701.35315
1589.5388
702.365
243.11914
679.6367
156.02794
464.1413
335.91418
1024.4911
997.53503
380.09988
716.0957
1017.59644
362.4366
1477.5701
559.31494
884.4371
883.52673
694.74695
325.83954
1196.1488
1070.5679
463.71936
746.118
695.4669
1124.2422
918.6279
1333.6602
812.7869
1190.3063
327.23245
972.8377
991.9337
216.6312
830.5238
609.7467
444.88983
1472.7649
1430.47
418.44696
1230.9615
1285.7693
845.5146
957.59717
1062.8344
584.68317
558.0676
442.66202
1382.4333
763.72437
671.565
639.8269
1521.6697
630.56586
522.8629
926.53455
986.00323
280.77515
1089.4138
1250.1643
1049.797
1586.6711
1363.0312
1511.0479
318.28107
1086.8436
384.6028
463.56403
1223.2502
1348.9348
676.2986
643.60034
489.43936
1756.9548
950.8013
591.918
491.35602
940.5198
1385.8701
718.89594
1147.6282
407.73444
635.72406
402.31213
302.53192
731.5862
1438.1116
395.89246
393.44464
1238.1057
599.9698
427.71274
651.49866
677.5652
1026.6075
1075.6096
1143.2471
2155.4373
422.17682
1589.3016
947.7318
472.96915
1214.3516
1194.206
697.7179
356.01523
1219.2197
1162.8892
1108.452
545.35724
468.83563
329.46393
949.323
452.0601
1216.937
476.08612
791.70044
770.1427
1617.4475
1069.4391
487.20557
1038.779
1551.2708
1481.5087
1908.5686
1585.7571
1197.5581
998.9237
162.20128
1433.3267
352.18597
1174.2401
1321.2826
647.05554
910.42993
726.4057
535.22876
1036.7225
2082.943
389.47882
627.8695
1151.7695
1027.7927
1632.9733
1310.8782
750.2205
878.32733
272.05807
467.62753
1190.9998
863.4254
971.1747
1210.5804
1738.6326
1142.0536
320.91022
239.10252
1320.0153
852.01636
598.8906
1235.355
302.38483
816.5714
1360.6952
763.90466
377.7625
1349.1642
453.5681
1002.2617
1014.9332
1303.7693
1088.9589
719.1476
898.3816
1643.3774
1089.2332
901.4328
2366.2312
262.48242
582.01166
425.16895
694.1951
2212.4878
1072.2327
1289.0326
1303.5886
1576.1427
1866.7467
701.5093
1250.804
1367.5011
885.1095
1127.4043
293.2525
220.37392
709.4163
1195.5427
2287.498
1069.2014
2257.9197
703.7112
1102.2405
1406.6821
1541.8442
516.0199
1132.3027
980.3679
1001.9336
1170.1292
202.66705
344.25375
987.29736
868.4778
546.9596
678.7539
1108.697
1645.3403
1015.30743
657.6625
1167.2723
250.82164
1207.6243
725.9252
1447.2717
279.19467
1178.3157
508.42328
469.9169
515.09247
1244.7081
597.1719
1167.3193
1009.15857
1311.8678
1115.2327
1625.1857
797.5708
561.0035
687.23083
1599.9409
789.41565
1087.9623
270.6786
137.7382
1153.664
1117.5076
590.22473
607.2551
929.1461
1331.7363
262.12076
756.74585
610.21277
616.51495
957.10187
517.87683
1019.7239
1686.0663
1286.5199
423.8018
393.35382
628.1482
1274.4543
1299.7612
301.633
1525.4133
1236.3746
1334.7473
1138.4526
1169.0063
1044.1833
332.5415
528.0227
496.25757
524.9433
1019.1054
1158.2987
605.465
765.9962
1174.0117
774.51746
2401.6262
551.3708
591.5702
542.55426
1505.5792
1164.1052
844.7493
344.2956
1267.5083
733.13983
2079.4507
956.82465
484.2687
1197.7201
810.7012
582.53186
1518.4177
847.504
718.48785
536.71265
1011.0065
1388.5762
1431.1011
860.299
512.4582
656.51135
1065.5522
1016.4507
727.7075
392.5633
1994.8171
1021.7767
1194.7
1096.2623
272.1653
989.0506
409.04987
359.2024
1116.1565
557.2897
93.399475
674.32294
1488.9373
559.2766
437.1229
2414.8706
1092.8187
652.5928
1857.4497
589.66327
1091.7156
1346.891
1024.8281
249.67548
900.50995
865.7154
856.7124
1202.4512
580.5792
670.4694
1618.5498
1046.674
911.2772
1157.8909
1672.9434
2377.4973
1381.1357
1245.642
1210.6345
960.58765
891.01965
1024.4917
538.09503
408.45816
901.5364
722.23694
213.2799
988.93097
1093.583
512.29913
1210.8208
1196.9442
835.15906
690.92755
437.66144
803.32007
820.93396
1144.7494
731.02167
1178.9666
945.05585
868.66956
1236.9487
460.68954
1290.9801
1318.8132
422.82968
2246.9385
811.6062
718.39813
438.6594
1008.8251
778.043
302.22833
544.96735
970.48566
1597.834
1504.8438
976.3017
2139.9683
600.8884
554.4733
1419.6002
2321.2588
371.214
2058.5635
1919.4141
455.1817
392.13547
1573.9758
657.307
1401.2559
1061.352
1529.9235
1408.0962
1548.052
1132.32
976.25146
919.7844
1473.1941
500.3059
529.22546
550.3951
1351.1351
526.76843
929.90967
397.5395
724.7178
1015.537
620.95026
246.33502
1275.6805
1073.8848
1051.9412
1532.0317
581.85223
1365.1516
498.09015
630.56146
374.0232
689.483
435.98068
867.0437
503.99744
843.96716
1084.971
1361.0453
872.61163
2152.309
1145.0114
1228.3014
1252.711
428.82486
338.03418
491.66077
647.8529
626.22
250.65192
1306.176
1545.5938
633.2478
521.4127
1229.6189
1461.4801
1171.5337
555.7628
1043.0054
476.77222
1548.0012
1163.1975
477.31573
230.68808
1222.6547
453.25327
1505.1145
1238.6737
1425.0688
671.0835
256.84222
863.415
1095.516
1274.7202
850.0698
537.1172
640.2157
1204.594
944.6038
1432.8651
1030.645
427.13617
813.5235
655.9602
786.2058
1084.407
744.262
1104.0276
546.5449
508.2821
947.62524
616.8187
1318.6282
771.7135
1589.967
1392.5286
741.12036
326.06055
1307.1058
424.42548
947.1087
438.89984
890.31085
246.26921
779.91284
544.14514
914.4247
698.15857
1445.3768
1592.1914
253.11235
1104.4807
1249.4381
956.88794
530.8216
1034.9746
1518.8029
617.187
443.99265
1013.97095
2239.7458
1890.5236
622.6489
822.3721
653.00464
774.2368
1216.0181
603.4384
1137.6145
1839.2163
1144.3445
1417.9221
500.17374
538.7156
893.87274
777.9099
638.9435
1358.7664
378.87405
761.6474
1493.3197
767.64026
430.85114
1480.8821
1490.8252
369.7621
1157.8759
850.1272
1228.3699
394.89526
1416.3549
592.50757
542.02893
1125.0679
998.67444
1009.30493
1302.1431
417.02615
590.298
1388.7069
1025.8876
1255.7397
530.6707
433.6695
1436.7365
1745.5542
1749.378
787.7702
128.62852
320.81592
918.9673
445.36798
387.83777
1054.0665
768.3274
486.00858
196.68759
742.891
592.4126
1291.1515
1101.3572
1212.8444
1266.812
454.32364
1251.874
979.106
1173.9949
1131.4685
1130.1436
1290.0098
722.0222
605.9904
897.5066
322.72345
2011.2816
249.383
1011.68225
1192.9692
1226.1887
1136.0133
1258.3611
1004.97766
964.45447
1328.3734
1100.3276
1079.6895
607.86145
495.97852
1283.7438
528.3297
1171.0171
1105.128
1022.26355
544.1361
400.75598
390.50916
1019.0324
646.71277
1276.2485
1233.4028
1881.0044
1023.93805
816.39526
642.5949
580.5491
552.22437
1087.2903
1148.0386
915.47986
1840.2089
912.9297
1720.7297
2337.7153
538.0163
421.7116
861.4996
649.0503
684.2927
1045.0402
1470.3959
1288.6403
601.4929
860.85455
694.4624
594.2041
1445.5967
1572.7781
1079.1838
1226.2322
646.2149
586.3446
343.60748
1330.2224
