1291.2812
1024.5874
902.6551
1194.3068
593.5267
1289.6101
1129.4069
238.99324
1234.1841
725.53516
463.30692
883.8834
367.9978
1379.154
1269.2764
993.1381
1348.8464
1188.4346
1529.1165
374.2788
2252.9097
1166.8511
370.19885
819.7196
536.735
424.20978
1437.48
1326.0497
863.35693
1159.7927
544.8498
463.4766
401.49445
459.68658
1380.3768
330.66266
1064.8936
582.6527
2113.1934
508.27432
789.0504
1513.6226
601.19666
385.69193
332.18216
451.34378
1178.8597
729.1248
561.73816
278.3609
661.6717
1465.1355
942.64105
1321.0759
931.10547
799.964
675.8576
1183.8319
486.84396
660.1936
1244.0676
340.01166
303.19556
1139.1423
1486.8174
1146.2229
400.9087
1074.6211
610.3776
1277.6067
1162.8804
772.09863
1178.265
1228.9669
916.7543
898.2552
772.4602
1096.1544
489.3166
1318.0383
823.7527
1333.1647
224.60017
1159.7803
758.8758
1046.822
881.27563
1116.1217
1011.01733
1118.7662
1354.2352
844.22546
1240.1135
2418.0059
696.2428
1322.6293
611.16656
1166.7058
658.8513
702.1076
1450.0553
1104.0779
1207.3923
387.8334
1045.667
1355.7721
836.8002
741.79517
2262.4302
2383.4258
1429.6826
498.83203
796.4721
281.42014
554.5925
402.30716
2307.1802
1090.9851
1345.4932
673.2159
364.5709
751.2834
1204.3491
1363.9619
1337.2173
1050.7394
392.70135
555.7465
2308.8457
856.94336
668.9793
470.86276
1026.9788
2061.3684
1227.9039
192.51393
1152.3066
614.57104
858.5574
1017.7231
1328.925
1389.7715
480.5255
759.87616
818.4778
515.5788
840.3946
1119.8964
363.87976
1286.1376
2331.974
922.11584
986.2793
411.50696
742.9997
1090.4528
1179.4535
1420.6045
904.3346
306.00623
1083.5128
1357.8124
787.07495
1079.4889
1105.7878
848.8285
2391.5105
1480.4001
851.7978
728.85986
856.9382
369.14124
570.1188
555.51685
487.7386
1547.8665
1201.6775
508.2622
1207.2148
808.24506
1498.7887
577.37415
2551.9258
407.07916
2309.8706
1952.4138
1520.3589
2358.2314
411.68365
1393.383
854.25836
576.3072
1380.9359
1053.2529
216.1095
358.7435
874.3875
358.7744
703.04395
1527.0133
1015.93646
1161.6691
1198.1704
597.379
303.74234
781.19006
627.5312
504.25537
389.61523
1073.6044
899.1638
561.2491
422.96527
2246.7341
1434.7583
798.69836
412.0604
646.7397
1072.5223
692.3977
2193.4675
609.50793
2228.5308
247.50903
1307.6587
1254.4172
2210.6438
1429.8092
527.0856
423.22916
1089.7146
211.383
572.89844
1187.9313
1184.9741
1101.3606
770.4731
1100.4846
2365.8833
944.9921
1120.9491
196.30249
2550.3271
1123.9684
933.6211
700.9662
1360.3962
1085.2373
920.29236
1280.5953
1408.033
823.11865
757.2261
551.86426
1206.441
1035.8225
1456.1006
1502.1105
1381.6597
1063.7952
1406.172
1437.5001
683.7213
410.22806
937.48785
1017.75085
1340.9292
1019.0799
838.15845
848.88934
1103.6442
1616.9211
646.0275
1129.2312
544.6122
1330.7701
546.09875
1292.3966
1128.0645
1625.7476
422.10016
1134.46
1240.1305
504.03378
516.6416
1129.5479
528.562
235.8806
812.09454
1155.9735
1754.5769
1372.9213
1013.32324
1125.1259
363.92352
1199.5137
1275.6665
2262.3508
686.73914
257.41882
1024.3085
1367.9972
270.06992
445.21677
1071.511
1407.6179
762.3522
424.72162
349.15704
1360.0132
1595.2528
675.6135
559.7157
2456.5825
983.00934
966.0369
1164.6768
859.193
343.1109
349.72507
839.19934
1141.897
977.4364
936.3188
342.2583
2437.992
599.753
382.61185
1325.017
906.53455
319.5534
1085.1958
1521.762
430.1765
1177.572
1086.2563
1605.0361
962.225
967.65546
927.41394
430.2409
1162.9774
1001.2089
356.65445
1111.9478
1327.3085
319.36356
610.5408
667.8556
912.4565
499.1433
600.6091
510.94342
620.1576
147.13669
397.96033
311.03793
746.0653
745.2595
616.9542
698.1345
374.61514
1401.9009
815.8993
267.37308
734.8906
1583.2958
1110.864
1386.4573
476.85355
306.43948
1063.3477
940.1025
987.68384
1275.9678
1122.8593
507.18872
1339.1128
156.07718
390.63254
1732.3639
778.0833
496.34628
212.36578
1432.082
492.79257
856.5747
1220.3657
857.5538
1077.0896
572.54205
525.29785
1001.35803
1099.7885
725.1557
1032.268
1636.4684
1072.5746
872.1234
1001.9146
626.97144
1505.6736
909.04944
1493.5155
739.2742
425.154
1322.0793
672.4667
956.2749
495.32562
337.63074
989.63367
808.819
591.9768
1581.3834
388.9214
991.85516
936.69275
452.91058
752.6593
782.3667
469.26898
391.07877
812.704
1472.0071
224.14491
1016.6575
468.57614
1048.9058
908.18677
820.4144
1062.8003
958.02856
1148.6364
1093.8943
859.4734
554.964
718.8626
1521.2179
1768.8353
881.2578
1327.5828
1069.4539
621.0604
540.7143
1373.5759
1393.2386
843.34357
1373.3374
1314.8326
465.74927
751.09875
1390.2754
532.6238
929.85657
1234.3275
1221.011
633.8843
1229.0356
490.73535
566.0852
1145.4982
627.2341
1204.6863
780.4135
1192.4385
392.10657
981.8717
1138.6171
1183.2668
688.85254
1331.3635
1080.4478
1420.0066
1023.772
1208.7297
427.98615
675.6164
473.21597
698.846
448.69302
1278.4529
900.43555
1637.0818
596.7477
576.16064
719.1389
1250.9934
1243.8794
834.9001
2144.023
588.68335
394.321
758.525
1150.281
1165.5287
814.90015
438.0153
1204.5243
654.7311
602.87024
1268.2659
1289.0544
988.1464
1437.9714
1131.9395
458.51376
459.69897
748.90985
959.2651
1271.7881
1319.3107
493.98956
178.85469
454.71912
352.30975
1002.5841
1480.014
340.59796
717.82513
822.7014
472.80133
1598.7678
858.1771
762.1101
1128.8595
1562.1381
419.60886
1146.8217
1116.7584
1266.6003
621.00745
787.97217
416.70557
327.13348
383.5479
742.7875
1399.1755
566.0901
751.34424
735.2628
646.8661
1039.2906
2182.5024
695.38184
1097.6906
942.09766
2381.5894
499.38144
1466.8572
1447.7694
756.3626
1123.7449
974.46484
974.0982
1290.8579
1059.9307
720.6875
2214.2363
569.3039
381.69196
1084.0201
570.72375
658.80566
1748.5956
1552.1337
1318.9797
306.6982
1102.6884
254.23538
768.1078
1029.7899
1210.2706
665.9354
759.2867
888.57825
385.80115
328.95575
1192.5347
731.4999
432.83813
1459.0239
1073.3939
1427.6487
892.22314
677.2518
158.92776
635.65875
1507.9777
322.7066
370.85684
497.18652
574.7759
977.42676
1055.1783
686.1643
1297.7458
1165.3345
157.05984
1002.9318
556.26965
1139.0774
636.93994
1243.3812
1090.7307
1342.811
1142.1111
455.74622
797.4311
714.0847
1300.8193
1333.4403
381.20142
1731.4083
350.86987
574.18933
1190.052
904.29565
209.8972
811.70764
669.8902
1300.7341
536.63544
690.5198
1539.4818
1210.2172
205.2081
1211.2294
830.0126
1276.7423
520.10693
1046.8773
1285.4205
1276.4592
344.7025
1117.1642
1657.688
567.84894
1193.6011
669.0875
735.67865
767.7931
688.12866
1377.6648
1152.533
2392.7393
926.33594
1971.6671
1221.1165
731.4486
1594.2644
1110.6373
2103.0854
597.6113
1131.7628
1187.0869
759.6664
608.8075
650.1226
1490.4076
803.63324
1121.3171
465.9359
510.29352
1556.6392
496.48096
276.47195
893.9252
394.48032
1173.7759
187.8337
985.37244
868.8537
697.9768
666.28784
264.8146
562.92725
279.7724
1025.7379
666.2047
1030.7466
458.7237
639.50555
1655.7416
1187.2239
1202.1572
580.4304
1102.2684
1231.1111
1042.209
332.36734
1110.2827
331.85724
381.85428
1045.9728
1432.8613
2266.6567
1494.0161
478.40765
310.24808
916.0394
739.38806
929.5153
435.675
306.0476
772.5144
332.1055
1105.26
1232.6031
1164.8796
1147.5647
467.7237
833.35645
1289.011
1587.686
2152.1692
797.7749
609.6887
1033.7587
704.75397
782.52057
449.7882
786.68896
1005.6033
791.8928
1046.2869
1550.0967
659.1432
577.33105
412.50626
1311.1235
541.3488
505.2568
1009.89954
948.87366
888.6056
1265.5878
1101.8455
1468.1257
1004.7502
980.75793
619.31934
577.6516
599.1288
1615.3004
633.60144
1528.3103
1223.3582
1854.2622
443.3674
536.20044
938.4531
438.39676
1654.3235
570.14136
613.5669
1016.3822
1214.1877
637.6835
969.3805
1490.6516
722.3365
953.9515
1835.2222
695.5071
1182.8716
228.45894
1121.7812
473.58902
1459.1345
550.80896
676.1932
1394.6885
891.24646
1480.592
1101.8004
1102.3298
958.1301
658.14465
1192.1929
466.21582
1469.7332
1047.5347
935.5094
341.97897
1009.40515
546.0961
466.7531
855.3142
843.3686
266.7024
1252.521
1054.0604
1103.9882
402.708
603.89435
593.3425
487.13895
969.4005
746.7174
1226.2405
393.8418
1547.2478
242.26729
792.6001
746.943
613.96356
182.25534
757.1236
711.62915
686.611
278.81406
645.3851
786.7789
437.00806
278.0289
352.2251
743.7449
1059.46
841.4653
988.2612
1385.2146
1364.5271
734.23474
900.3868
1387.7996
1114.6809
909.8346
608.6239
987.082
1331.0204
308.8227
606.6926
469.8369
2291.5093
1060.1204
1639.9727
660.5458
452.0974
1128.147
1157.888
656.9367
1057.602
1121.436
421.29254
843.72266
586.99194
636.4054
327.13684
432.93692
786.42346
1436.2126
1110.6707
293.11923
608.5727
1267.4242
1179.5508
491.60675
397.46643
839.9247
584.55383
606.6886
1122.2491
1183.9419
165.8325
1204.3405
957.1083
1472.1718
1019.39435
794.82556
1534.2727
1245.8281
1337.5098
680.804
841.37195
768.0703
771.64905
1220.811
1404.0612
1188.3174
1336.9655
1116.5724
1089.128
532.0471
459.2835
1501.4426
393.09265
751.0158
659.7107
1210.0361
208.51149
694.97107
1742.0881
1340.9559
1197.6567
348.16345
1219.695
475.7828
388.32568
1244.886
1774.9884
685.20154
997.3218
978.1188
2011.9622
1048.4365
1371.2666
662.6207
1308.4254
1428.7039
1231.4716
1252.1135
572.6664
1231.0302
1222.5911
1272.7064
1067.4285
1061.0732
1157.3557
859.41516
642.3939
454.3448
650.49207
828.4038
871.36975
1323.9846
676.1791
1154.1956
1017.9992
1128.5847
583.6362
706.51245
760.2746
517.6505
2305.103
549.46106
1662.0474
2292.1284
689.5123
668.0124
2165.0696
1018.0016
766.2637
1987.7123
485.42633
862.361
1068.615
866.6482
236.56055
495.9329
1153.0195
2442.2615
463.1419
514.96924
1437.6777
1543.7164
636.82056
342.60498
1430.7925
1283.4207
935.24
1144.8804
1250.3875
1447.6477
1152.0101
357.83505
1046.864
1223.1462
238.39261
361.69293
338.25635
1459.789
501.53217
972.0788
1000.71326
430.28528
1532.7146
409.3366
713.6267
1017.251
1210.9171
1290.5773
1215.3442
797.8348
479.08472
725.4026
1433.5797
539.7614
468.6888
495.0712
1211.1637
495.05045
1261.2207
807.59045
1072.436
1227.805
516.3626
1503.2766
545.7467
324.42133
1248.9401
348.65945
1496.7374
804.6366
1460.0029
365.89496
1059.3906
1211.1389
1021.7062
602.9995
1473.4353
1138.4352
1462.2473
1355.6317
1282.1299
353.34573
2201.1113
475.4176
476.1125
1224.8612
839.3905
1122.4906
1682.8297
1068.5883
1403.9246
2139.275
1410.2017
613.63934
1379.0647
906.4552
465.42026
355.7038
843.20605
837.6167
1507.0557
1040.3861
535.0974
866.1162
588.7122
1149.8125
1114.4902
1036.0945
506.26614
413.3874
1050.3925
800.4252
438.5157
1318.4983
739.3445
423.1698
1317.3049
963.4615
851.1547
447.4438
856.7917
645.57715
444.69916
819.9031
935.63135
756.17175
2378.377
821.3164
983.36755
1332.8091
1083.087
540.4697
1163.1929
1099.9335
1272.9343
898.1716
332.5006
334.321
1592.908
1381.917
1043.9282
941.4741
790.5088
1044.1013
1226.4595
1198.9048
1181.3168
1450.952
517.0736
1198.0624
274.89285
833.6933
292.80847
475.30853
651.92834
1245.9801
1208.2747
1429.6759
1148.0303
1343.8813
392.60797
694.32446
864.9458
1164.6604
481.30197
1005.72644
949.60675
487.9251
1256.3607
1253.6542
2291.2559
502.05005
958.96014
373.21277
1291.7278
1204.065
1169.4504
1519.3295
2260.275
1444.1941
407.40894
1414.9735
525.16846
881.1663
472.35425
764.2329
1208.9679
777.6215
552.5764
897.12634
431.67468
1273.0367
2296.81
860.80206
2278.81
1350.1431
1376.3079
558.0305
1379.0542
568.21313
481.8826
1309.0177
794.0198
530.0779
284.69788
1241.9148
776.3564
623.39655
927.1207
261.05585
460.23654
1107.8854
309.66675
835.8349
1057.3624
1478.1691
981.1925
725.3993
327.4038
1342.6165
1934.959
583.2185
1061.9805
1431.6917
397.18372
848.61365
198.10648
313.25946
970.7171
870.2677
1811.3337
1821.993
1331.38
590.92944
334.4972
614.3381
871.97046
1058.0525
475.4715
390.1917
349.4548
1037.3772
545.2302
1167.251
1443.8539
711.3684
665.17993
792.7641
1094.0289
406.76953
671.9618
950.1804
1511.5847
306.12314
1475.0281
1293.2937
1364.8856
533.86487
1259.233
1265.0471
1210.4126
97.154755
732.4951
469.26486
680.33093
545.5106
1066.2236
1372.1707
1542.0542
512.7665
738.37244
837.0704
509.43106
2500.9866
563.93506
647.6863
632.5902
877.187
406.1298
711.63385
703.7984
836.5046
566.81885
1050.2585
253.85466
826.44336
1000.354
486.31104
423.98096
1088.8856
713.3788
1145.9685
1557.086
1808.4745
535.88025
558.9839
917.6309
722.3797
871.4459
1185.4949
2093.232
1797.4608
2401.8325
645.96136
911.6079
1033.9944
906.5729
440.99133
968.5983
625.04224
826.4314
588.94116
664.9275
314.25082
915.52356
529.13855
1275.3772
973.0706
1495.8209
302.88727
940.7244
696.7278
758.2311
1129.7144
1247
1444.7831
1196.7966
1031.0735
1200.9863
1429.1086
1138.1659
1187.0149
864.60895
1103.8344
1090.6182
791.6971
387.2483
1245.5376
739.2709
621.2793
1024.3894
1262.6918
353.59503
595.1622
1433.5747
453.56076
1487.7145
506.48993
1617.3168
964.0198
1304.5425
2216.5942
518.8769
1604.5823
818.4171
1654.3081
2078.9556
1216.3333
944.26025
485.31836
472.80753
1261.2388
360.48364
2283.751
485.92493
591.2418
834.62616
960.94885
615.396
530.1394
370.55136
1266.392
1205.8086
384.89667
1588.9927
1326.2583
109.98331
601.2991
1012.9703
2468.9976
302.50894
828.0857
1483.8682
544.43646
1227.4497
1265.7705
2346.102
2298.492
1233.5156
670.49866
709.5398
1413.6063
568.3867
1168.4918
1066.907
1303.6112
528.446
1145.1621
1503.4889
949.12524
1151.6356
478.71072
409.93964
719.93866
1007.0176
254.6756
1487.4985
881.18823
738.7958
703.1724
1592.6987
702.34875
245.89697
682.4335
158.23483
466.78845
339.234
1026.1133
997.2703
381.9453
717.55115
1018.8221
365.1214
1478.2905
560.593
885.94434
886.1644
695.8086
329.37177
1198.8901
1069.6454
465.95425
748.7874
698.0203
1126.2039
921.4861
1334.4902
815.1322
1190.3618
327.74127
973.4021
994.69525
219.84027
830.86224
611.14
447.72577
1472.8135
1432.5342
421.7134
1230.9995
1287.8698
845.84717
961.2976
1062.5906
587.2441
558.27985
445.838
1382.1935
766.0478
671.6157
641.9728
1521.824
630.7291
523.2036
929.2499
984.9749
284.25653
1091.8096
1250.9292
1049.8472
1588.967
1365.2961
1513.2427
320.47333
1090.6166
386.76172
466.74683
1222.5454
1351.3103
679.17615
645.40137
491.70804
1757.2336
952.92053
594.5513
491.80725
943.82916
1386.2828
719.10846
1147.498
409.94492
640.30804
403.84695
303.98087
733.65125
1439.6714
398.1497
396.97003
1239.6941
600.2988
431.28592
653.0945
679.44824
1028.7971
1075.332
1143.2571
2151.1382
424.538
1590.3912
949.4385
473.79266
1215.0781
1194.9812
701.9852
358.6825
1222.6216
1163.592
1109.6847
548.37
471.3541
329.3212
949.7412
455.3536
1217.1113
478.0984
795.0615
773.58203
1617.8785
1070.1187
489.70355
1038.606
1555.3379
1481.8708
1910.9939
1588.0073
1201.0315
999.18005
165.18393
1435.3489
354.29578
1176.967
1321.1046
649.3767
910.50385
726.3799
537.1447
1036.9114
2081.8926
391.17328
631.51917
1155.4342
1029.8735
1635.4354
1311.0048
752.8466
880.89386
274.43607
471.66455
1191.0251
866.25555
971.1618
1213.1843
1738.898
1143.0305
323.2837
242.30313
1322.179
854.3234
602.225
1235.5837
304.03876
819.2865
1363.6207
767.1089
379.58762
1349.341
455.73532
1005.3712
1017.9607
1305.8772
1091.2559
721.2197
900.27686
1646.4216
1091.075
904.35333
2365.8022
264.4007
584.34595
426.77588
696.5111
2212.3933
1075.8584
1290.6743
1303.5231
1578.1895
1869.2046
704.33514
1252.6858
1367.8615
888.07654
1126.6227
298.12997
223.3119
711.7394
1197.481
2289.7566
1069.1064
2258.0483
707.22296
1102.4246
1406.9597
1544.8679
519.03894
1132.5835
981.16833
1005.6117
1171.8573
206.2108
344.87265
990.6376
868.58264
548.6531
680.7411
1108.6106
1645.4353
1017.61743
660.9913
1169.3712
253.82259
1209.443
729.5261
1448.2358
279.35114
1179.8171
510.16324
470.21475
517.4391
1248.1255
599.2524
1166.5742
1011.1085
1315.4062
1115.3894
1628.6044
800.3854
561.68317
689.49194
1600.2322
791.99744
1088.2043
270.57965
140.91164
1154.7214
1121.1523
591.98425
610.81525
931.0818
1331.6875
263.5435
760.08057
611.96985
620.2472
959.62964
520.94763
1021.5631
1686.6165
1286.7533
426.18066
396.00314
628.527
1276.1775
1302.2312
303.88654
1527.536
1239.377
1334.6946
1141.7073
1170.8395
1044.4071
334.2096
528.21
500.028
528.52026
1019.40173
1161.0579
608.58606
768.7108
1175.9015
777.1626
2403.9648
553.6301
594.5197
545.544
1502.6343
1164.1577
846.8395
346.64767
1267.818
734.5218
2081.2373
957.4176
485.79602
1197.6266
811
584.40796
1522.2523
848.4658
718.53687
539.9353
1010.81915
1390.9951
1433.3021
863.57605
514.1322
659.30853
1065.9675
1019.16876
731.419
394.9904
1993.7975
1025.0591
1194.3762
1099.189
274.47806
988.8617
413.1811
361.03406
1117.1572
557.65344
97.47846
674.30664
1489.306
559.7243
440.07217
2417.8064
1094.6252
654.493
1858.0862
591.577
1091.6632
1349.3188
1026.8767
249.97726
902.8982
866.30597
859.4108
1202.8143
580.86804
672.51843
1622.2499
1050.3638
913.449
1161.6311
1675.65
2377.4238
1384.1298
1246.3369
1210.7668
963.96606
893.9846
1024.5221
540.46387
410.3227
904.33997
724.5104
216.30563
988.6592
1093.5381
514.39905
1212.0679
1197.3918
838.11945
693.74255
440.27444
803.57635
823.62506
1144.632
732.8719
1181.319
946.8846
868.71704
1237.2388
463.7097
1291.8615
1321.4498
425.48627
2245.3838
812.21326
721.3325
440.87097
1008.8114
778.09924
302.46234
547.08466
970.83594
1600.9788
1507.4836
980.0968
2142.4377
602.48773
556.7138
1420.5603
2321.3403
372.99475
2058.9622
1920.8789
457.5315
394.8478
1574.7104
657.2819
1404.0193
1063.055
1529.8196
1408.6047
1552.248
1133.6163
978.20825
920.10254
1473.8252
500.32687
530.3806
552.75006
1351.1044
528.7494
932.6316
400.43445
727.57043
1018.28345
621.36615
248.71977
1278.4308
1073.549
1052.5869
1532.0504
584.9651
1364.8353
500.87238
635.223
377.84384
693.5331
437.82672
870.5946
505.8767
844.00684
1084.4369
1362.5015
874.4273
2153.0293
1146.139
1228.5381
1252.9634
430.83545
340.0797
494.2262
648.2185
628.59656
253.47676
1306.088
1548.0614
635.0003
524.0538
1230.2803
1462.4956
1171.779
558.9833
1042.6477
479.34967
1548.7643
1162.8988
479.13837
233.55359
1222.8544
453.12158
1504.579
1239.7228
1425.4987
674.8501
256.9435
864.8429
1097.0425
1277.1826
852.2101
539.8798
644.34564
1204.1532
945.0344
1435.1304
1030.8649
429.3036
815.1459
656.23486
787.2554
1086.6588
747.105
1104.4397
546.4847
510.0764
950.54236
618.6039
1321.0658
773.8504
1590.4055
1394.9819
743.1182
329.17615
1307.6384
425.60632
949.53766
439.11343
892.91223
248.13684
782.5157
547.69727
917.43835
699.1571
1446.6581
1595.917
253.57718
1105.2328
1249.5847
959.7051
533.85205
1034.9712
1519.4867
618.80237
444.15643
1016.5691
2239.144
1889.8519
625.0386
825.6747
655.41437
777.618
1218.908
603.6009
1137.4446
1841.9647
1145.9117
1417.8608
503.90753
539.9105
896.03
780.7458
640.5968
1359.0402
381.36304
764.09784
1493.132
770.9532
433.04126
1480.1931
1493.3533
372.96725
1157.75
852.146
1231.0394
396.95343
1418.2233
593.8225
545.0433
1126.8918
998.9367
1010.57745
1304.8372
420.69028
593.34143
1390.0249
1028.7864
1258.9797
532.63684
435.43542
1436.899
1746.155
1749.7905
789.99005
131.75116
322.1895
919.2636
447.26117
391.27338
1056.6045
771.3103
489.73447
199.1582
744.6289
594.3982
1291.1072
1104.3564
1214.58
1268.1467
455.9621
1251.9606
981.7109
1174.3368
1133.6584
1130.3079
1291.3989
723.4566
608.6329
898.04205
326.0919
2011.6931
250.1205
1013.33386
1192.9022
1225.9888
1135.825
1258.9032
1008.0408
966.6776
1328.2422
1103.3389
1081.7301
609.2954
496.13657
1287.1537
530.43506
1173.8611
1108.5479
1025.1956
545.94867
402.67892
393.37045
1019.41974
649.0595
1276.212
1233.9036
1881.7649
1025.8864
819.39185
644.1251
580.5294
553.76025
1087.5015
1148.4713
915.9104
1840.8368
914.5872
1724.2711
2337.6423
539.71924
425.41003
863.26355
651.245
685.86
1046.4739
1473.0975
1288.9631
601.89636
860.70874
695.49194
597.1495
1445.6597
1576.0234
1081.8701
1226.7863
649.465
589.9015
346.44467
1330.6149
