1292.9612
1025.8046
901.7161
1193.2004
591.37683
1290.0093
1134.0331
239.23451
1236.23
728.2932
469.03262
887.0694
371.00748
1381.0793
1273.3179
991.93994
1349.8738
1191.2234
1530.2261
375.46915
2245.6055
1170.9998
374.6884
821.7837
537.05444
423.54828
1437.6082
1324.1107
865.10284
1164.3872
548.44543
460.39972
401.9697
461.9145
1380.9435
331.4552
1065.2854
581.8466
2112.0369
507.80847
787.8491
1516.277
605.7771
389.49884
335.7597
451.52325
1182.6975
729.60364
561.089
280.60602
662.3429
1462.679
947.0261
1324.2585
933.40674
802.33105
676.5481
1181.1533
486.2069
661.5696
1241.7546
345.0039
303.77264
1141.7743
1488.2651
1147.4736
402.17365
1079.8989
614.4376
1278.3107
1164.693
774.62885
1181.9465
1227.1624
917.2297
896.58704
774.0844
1101.9954
486.13736
1314.1147
824.83777
1330.948
227.68452
1160.427
762.1014
1045.8925
883.74713
1119.8724
1011.25696
1119.6953
1358.1644
845.0789
1243.0673
2416.6846
695.0121
1323.7262
613.82996
1168.0581
659.469
702.749
1452.9973
1105.5615
1210.1785
389.34497
1045.5862
1353.166
836.10693
744.2718
2260.2598
2378.6694
1426.9607
497.25406
799.2759
285.90646
555.37384
406.71124
2311.3994
1094.066
1351.0349
672.0409
367.9512
751.28284
1209.961
1363.3667
1336.8004
1053.7152
395.77106
555.74854
2311.9434
858.28955
672.845
471.35013
1029.7151
2056.6958
1225.5353
196.87033
1150.1787
618.4382
859.7602
1020.5072
1329.1768
1388.636
480.7613
760.0689
822.2799
519.3422
842.9784
1122.9685
362.43384
1286.8127
2330.0703
926.9954
990.7536
411.40466
741.941
1091.917
1179.3428
1423.5615
908.82294
304.36862
1086.0906
1357.2382
786.5922
1079.0647
1109.54
853.54395
2395.522
1482.0793
854.46765
731.87146
857.9125
373.22226
570.13806
558.724
488.59363
1549.8054
1202.5994
510.08612
1206.4949
808.5502
1495.1423
577.4041
2552.3533
408.29346
2303.5684
1947.1274
1520.1709
2358.4956
412.0523
1394.2444
852.8657
579.82745
1382.5193
1056.8386
219.35916
361.66852
877.58704
359.95682
708.09283
1528.7021
1016.6228
1164.9568
1201.6609
597.4964
303.9995
781.4984
626.3628
505.35678
389.49808
1074.959
899.64124
564.6859
421.99164
2248.587
1434.1296
801.32776
416.58017
647.0209
1073.8657
689.89294
2192.6702
614.13684
2229.274
251.18697
1306.0547
1258.885
2208.6616
1429.3522
531.85095
422.5038
1090.1978
211.86264
571.0973
1186.2211
1186.144
1104.1028
774.713
1101.9883
2370.5125
945.3393
1124.088
196.83618
2551.227
1124.733
935.96576
701.5228
1363.1313
1085.8523
923.18854
1280.4236
1408.0068
822.1133
760.7739
551.2168
1206.017
1037.6547
1455.5482
1501.7058
1384.2703
1064.052
1407.5256
1442.0701
686.0602
410.05856
936.65326
1015.00916
1339.2606
1024.6697
837.10504
849.85925
1106.5078
1617.9065
647.49976
1132.3086
544.68726
1327.7288
548.9117
1293.4083
1126.5254
1624.1508
422.92184
1138.0155
1244.861
505.32315
519.8622
1132.2705
530.0671
235.58391
811.71545
1156.3143
1752.0713
1373.8878
1012.7954
1126.7855
365.157
1199.4957
1273.7952
2266.9019
686.43823
262.1745
1025.8467
1370.5938
273.8899
447.7245
1074.0614
1405.8553
765.2582
424.0302
353.27197
1358.5778
1596.1322
678.42053
562.5951
2460.7017
986.36945
966.42194
1166.7927
860.7433
347.96686
354.2774
841.5007
1147.0507
975.4831
937.8454
343.29932
2437.9019
598.6933
384.82544
1325.876
908.74603
322.4353
1085.0338
1518.5526
428.874
1179.1729
1086.5388
1607.5854
961.12006
965.1591
928.49445
432.00262
1165.0494
998.03894
357.62427
1110.4333
1329.5708
322.62518
610.72034
671.3158
914.86847
501.40018
601.06146
511.41144
622.5512
150.10254
399.47534
315.62082
745.3126
745.8243
616.48083
702.81335
375.65985
1402.0251
817.38824
269.9291
738.5434
1582.5198
1112.534
1385.2402
477.71692
309.31546
1065.102
942.85693
988.2222
1282.3462
1125.315
505.5646
1337.2971
160.85966
393.72412
1731.1936
778.33527
499.1533
213.50388
1431.8456
496.0634
858.34937
1223.5227
857.3222
1080.6318
572.7608
526.4756
1003.38336
1102.0046
726.9486
1029.8193
1634.9133
1069.2255
875.8887
1002.62164
631.1677
1504.7924
907.62695
1496.9514
738.703
425.76102
1325.2147
671.91736
954.51794
495.18762
340.98486
990.66516
810.5233
591.1276
1581.7725
392.544
994.1179
939.0845
452.11084
754.1466
786.5778
473.8363
393.06976
816.8115
1475.2471
224.74924
1019.96484
471.3414
1050.4615
909.3629
821.7932
1062.907
959.5588
1148.3534
1093.7705
858.71594
557.36865
720.40204
1520.1018
1769.9275
882.3635
1330.1892
1071.0464
627.173
539.8695
1372.123
1392.8082
846.98645
1375.7036
1311.3364
468.83252
752.533
1388.2416
535.4076
933.58954
1233.9155
1229.3671
637.9233
1230.553
490.5467
568.22437
1146.9263
628.6228
1204.2411
782.67883
1193.4454
393.10028
983.3845
1140.8485
1184.451
690.1909
1331.31
1082.1243
1417.8396
1029.1489
1208.2668
432.69202
677.25806
473.06592
702.14246
446.53787
1277.8959
900.9708
1634.7483
597.48706
578.1433
719.1795
1254.0242
1243.9131
837.7154
2145.3496
586.7005
396.96576
756.2913
1146.8342
1162.9485
813.9664
441.53043
1204.5819
655.84534
605.65027
1271.31
1289.1277
991.34595
1440.0347
1131.0015
462.07364
463.24252
749.85065
959.83246
1272.5347
1318.5991
493.40692
181.75842
459.96924
350.36957
1003.49084
1482.9326
343.78824
717.2995
824.42474
476.43686
1598.4412
861.77606
761.71655
1129.7007
1563.2395
423.09818
1145.7056
1120.5848
1267.976
622.6585
790.6822
420.44586
327.35376
383.2737
742.1891
1403.8934
567.1749
752.71204
736.8273
651.4437
1048.4581
2183.0361
699.05743
1098.2113
940.8198
2376.136
500.92514
1465.9543
1446.9429
754.1323
1119.7505
972.3024
974.6448
1293.5515
1062.6251
725.81384
2211.1194
569.3673
380.6485
1085.9801
573.0851
659.5067
1745.8237
1554.1516
1321.1418
312.48093
1104.2711
254.52711
771.6954
1033.6575
1212.3229
668.02057
2301.4165
762.34924
894.67456
387.0408
331.94135
1192.5931
733.6592
434.60437
1457.5138
1076.3379
1425.1884
894.9608
678.4085
160.63786
635.28424
1506.0958
321.96255
375.16534
499.82794
574.78955
975.5292
1054.3881
686.84766
1301.7468
1166.9752
161.69286
1004.9447
557.57605
1139.5947
639.06256
1245.73
1091.4854
1351.133
1140.9229
456.37238
799.66876
717.6771
1300.2584
1331.9941
384.36697
1728.793
354.5711
578.01526
1191.2444
906.0916
213.91306
815.9645
671.7899
1296.781
535.6443
693.4468
1542.1761
1211.9617
208.89818
1207.9766
830.8467
1278.5166
519.75726
1049.7812
1287.062
1279.9619
344.70264
1117.7638
1654.1697
570.8978
1194.5614
673.96655
735.282
767.9624
689.91656
1379.1875
1151.877
2396.1333
927.9492
1965.3053
1224.9639
730.35913
1598.7166
1110.4502
2102.333
598.5785
1130.1447
1183.8751
757.0699
607.98865
649.25836
1488.2025
803.2562
1117.1223
465.05652
511.2982
1558.0885
496.52887
279.2315
892.84546
394.57324
1175.1882
191.93446
987.769
870.451
702.0912
666.3543
266.8597
564.2782
284.66522
1022.6194
666.4452
1034.5654
460.3078
642.9249
1652.2583
1188.939
1201.3545
579.69934
1104.8551
1235.1802
1046.3083
331.5941
1111.8766
335.1516
383.04327
1049.6989
1434.461
2262.667
1498.1692
480.9056
310.66394
916.42786
742.8683
932.15967
434.13754
308.82352
774.73865
338.0731
1104.976
1238.2445
1164.9705
1153.5768
467.1857
834.5161
1290.4553
1585.7612
2151.0957
795.94415
612.31494
1036.6704
704.8907
778.75806
449.16367
789.0558
1007.14984
794.567
1047.1365
1550.9614
661.66504
577.61005
416.45764
1305.8368
543.40894
505.22244
1014.00116
947.0556
889.2031
1267.0352
1101.7314
1466.5737
1005.4302
980.4996
618.0776
578.3882
598.7389
1615.1179
632.83014
1529.9724
1220.965
1851.9254
445.08984
537.4391
938.75854
436.39484
1653.6118
573.0578
612.4716
1019.7532
1214.1621
637.9983
973.4063
1493.3325
723.7199
958.72534
1838.1455
696.1376
1183.3433
231.21559
1127.7542
476.1314
1456.6759
553.94336
675.57275
1397.0485
892.6992
1483.9121
1105.337
1103.806
957.5618
657.78827
1192.3726
469.89642
1471.521
1048.2522
938.1317
342.26038
1008.6525
546.0615
466.7552
857.9775
840.91113
265.75174
1256.2534
1054.6914
1101.8892
401.84122
606.5579
597.6766
485.42395
971.1715
751.0132
1227.1482
393.93152
1539.7694
244.0103
794.2527
749.73596
618.1338
187.80261
758.92706
713.8822
685.7897
279.35336
648.0059
785.3268
441.42538
278.33075
356.7151
747.14185
1064.2917
845.78467
991.8564
1387.3191
1364.5964
737.1417
900.1978
1390.3759
1117.5947
911.80804
611.1274
986.83575
1332.9456
307.65317
611.6636
471.30054
2288.3765
1061.6855
1642.663
661.7328
451.08514
1131.4517
1160.6732
655.8377
1058.3303
1126.0979
424.4593
843.0551
589.079
638.68567
331.41696
433.20746
789.0973
1439.9716
1109.8002
294.93347
607.4335
1266.5308
1181.1183
494.56134
395.78467
838.3565
584.20825
609.30725
1124.2319
1184.9053
169.57272
1207.5853
959.12317
1471.2443
1018.4602
797.9863
1535.2819
1246.209
1341.3973
685.7639
844.8071
770.1026
771.50055
1223.7441
1402.4746
1188.7017
1341.0032
1120.5525
1093.834
534.4192
463.7415
1505.0803
395.22678
750.16113
660.66785
1210.0527
210.08586
698.15765
1740.6775
1344.7
1197.5869
351.60825
1221.1096
475.60706
388.29745
1249.4106
2472.8384
1771.3551
686.88873
1001.7242
977.95593
2009.2776
1047.1802
1374.6292
667.2692
1306.897
1431.2356
1232.3915
1251.9293
575.93713
1232.4595
1221.6715
1274.3876
1065.7162
1062.4822
1160.5088
860.3751
640.39307
458.17947
648.91583
830.5255
870.4694
1325.9585
681.0796
1151.5815
1024.2146
1130.0645
586.8767
708.8883
759.6906
518.56104
2310.146
552.91125
1663.3168
2287.4626
691.0333
667.5998
2155.7947
1021.29395
765.1821
1989.54
485.59344
864.62274
1068.5154
870.65356
236.9654
495.2765
1151.4988
2445.2854
461.44403
517.4761
1434.682
1539.949
639.6984
343.58646
1431.6207
1286.2576
935.2202
1145.013
1253.8446
1447.4474
1151.2393
356.94562
1047.5515
1227.0535
242.43356
361.84558
336.2469
1460.666
504.71588
974.9696
1002.9888
432.06982
1532.5044
412.4665
714.36633
1020.44604
1215.1381
1293.6777
1215.6986
800.24243
478.14618
728.1681
1437.5637
540.08325
469.06802
500.2823
1217.8777
499.63867
1262.8822
805.7966
1073.5933
1229.9675
516.0285
1502.719
544.3972
325.00034
1250.9767
348.47015
1502.475
810.05383
1453.4478
370.1841
1062.7535
1211.8951
1022.72894
601.503
1477.802
1141.7421
1467.6384
1354.2217
1279.5654
354.5962
2198.3403
475.34058
476.2087
1229.2512
839.0881
1120.7034
1680.5217
1068.4957
1402.9346
2136.5156
1409.7574
616.0999
1377.724
908.0846
467.67126
356.98117
846.1557
838.7413
1507.8839
1042.0535
532.9707
865.1848
588.44604
1156.0763
1119.7808
1039.676
507.99274
413.1807
1052.521
800.7049
442.97235
1317.9332
739.6677
426.21582
1318.2109
961.7427
853.63306
451.10565
853.1276
648.3468
443.8583
820.984
937.60876
755.7851
2389.0454
822.157
986.27014
1333.1233
1083.1228
542.26294
1165.2797
1101.8896
1277.1204
897.1359
336.88068
335.67377
1591.3759
1378.4404
1043.7628
945.6772
790.381
1046.0033
1228.318
1196.9816
1187.9279
1453.2234
520.5972
1197.678
280.057
834.1818
292.67676
477.0588
656.6998
1243.7418
1211.0696
1430.9135
1152.872
1343.9852
394.1463
696.1273
864.75977
1167.4941
481.35828
1009.96466
950.03613
491.31998
1260.1394
1253.0084
2290.2007
505.9332
960.3438
372.6527
1291.9105
1206.7626
1169.0858
1518.749
2258.8428
1444.2526
407.3105
1417.0586
527.7085
883.27405
468.66656
764.57263
1207.0485
780.8538
552.5296
897.4509
434.44653
1274.0371
2295.8154
860.4817
2274.109
1350.1267
1375.1599
557.0921
1377.8333
570.52594
481.68076
1308.3865
795.95184
529.0104
284.86154
1246.5175
777.0518
626.2306
923.7919
259.234
463.63342
1105.969
310.22546
837.59863
1058.2327
1479.0652
980.7613
723.7997
331.0486
1345.6371
1938.2483
584.33124
1061.6864
1431.5541
398.3262
850.5531
200.3494
316.99313
975.5247
873.7976
1808.2043
1818.4875
1333.3628
591.8793
337.0959
615.2175
875.7533
1060.1631
476.44397
394.88776
350.0133
1037.689
544.5038
1166.9644
1447.2675
711.3158
667.9313
794.2755
1094.8889
408.4753
674.83215
949.6028
1778.5157
1510.2074
306.47577
1483.0205
1295.5798
1366.0057
534.92053
1257.8822
1263.4039
1211.3147
99.97391
735.9824
469.18954
683.16016
548.25665
1062.2096
1377.3762
1544.8699
513.8336
740.59534
832.05304
509.3767
2505.92
562.93823
648.32465
632.93396
878.7612
407.0081
715.21655
703.7709
835.33813
571.8999
1053.3475
258.21872
825.56165
1002.6726
487.797
428.46277
1094.6567
713.4387
1146.7751
1554.7224
1806.8083
537.4284
562.63055
915.9592
721.1527
875.18896
1190.0599
2087.2876
1797.6597
2399.0522
645.1726
911.16046
1032.906
909.5388
442.67258
971.8037
623.3838
832.3094
589.54767
665.33405
317.5352
917.27246
530.4105
1274.1761
973.386
1497.9158
303.18744
940.8406
695.96716
758.8235
1131.0876
1243.8093
1452.5586
2589.7917
1199.6741
1032.3473
1204.5002
1427.8518
1138.9578
1189.9106
867.2717
1103.8326
1092.7524
795.1748
390.57944
1245.3976
740.2264
621.0516
1022.1371
1263.2252
354.5774
593.97266
1436.9786
454.1173
1488.786
508.06873
1615.9047
967.635
1309.559
2210.084
520.6239
1600.6035
820.02344
1651.3158
2080.0518
1220.2388
946.176
489.71042
471.09027
1261.6611
360.2245
2282.5671
485.63956
593.91
832.50635
960.14325
615.28064
528.2097
370.73547
1267.8848
1208.6299
384.75287
1584.6995
1324.9219
110.502075
602.66223
1012.6991
2473.2278
303.57288
830.3549
1482.9749
544.41046
1230.2148
1268.0198
2342.7468
2295.2886
1234.6653
669.2335
712.2792
1417.0613
567.4577
1168.2535
1065.9946
1305.1288
525.921
1152.9049
1505.1616
950.5708
1150.8335
480.9178
410.2575
723.0902
1010.30273
255.31491
1488.4534
886.95795
739.46967
706.34247
1597.467
702.99084
245.51996
685.7551
158.03604
469.14172
342.8482
1028.0831
998.3601
383.6855
717.5968
1019.7941
365.02527
1477.7806
562.00134
886.0958
885.2582
696.6865
331.89767
1200.0575
1068.2704
469.12643
749.42926
700.80133
1128.6475
924.3156
1337.4089
817.9896
1193.749
326.53296
976.0611
998.4507
220.24773
830.2036
611.3589
449.84064
1474.2837
1432.62
425.34894
1236.5516
1288.7559
844.66974
964.40106
1068.0519
586.1677
557.6212
448.02762
1385.5376
766.4588
671.5829
644.45154
1526.8181
628.36237
523.07275
930.17084
986.6189
288.07294
1091.3312
1250.8271
1050.4015
1589.8743
1366.917
1514.3889
321.05908
1095.1158
389.4378
468.865
1229.669
1353.886
680.87354
647.5006
494.87872
1756.4088
955.6935
595.183
490.04248
945.82654
1385.4847
718.2433
1147.3752
410.21545
638.44275
403.90997
1787.0667
303.72485
736.3815
1439.7141
401.0463
401.1614
1243.028
601.9287
432.74423
656.00836
680.57935
1031.9203
1085.6227
1146.2644
2149.9182
426.489
1593.5627
948.1784
472.722
1219.467
1195.4756
703.0247
361.3084
1222.9521
1161.9738
1109.3965
549.72656
471.90192
331.6275
948.73425
459.1668
1218.3641
480.83276
798.30597
777.4712
1616.3457
1070.5355
491.01276
1037.3955
1557.0007
1484.6475
1912.7493
1591.4048
1204.7263
998.7089
167.3331
1435.1251
353.80185
1178.287
1324.7155
654.0694
911.68915
728.2628
537.98865
1037.4918
2086.9048
393.86356
633.266
1159.5259
1033.4413
1637.319
1313.2085
755.14417
881.21704
278.33514
473.98822
1191.4131
868.6428
968.7591
1216.5403
1735.7283
1142.8687
325.5039
246.2063
1323.0403
853.4252
605.18945
1232.8677
304.17212
818.0276
1363.0369
770.8416
379.5976
1354.4729
456.50977
1006.01874
1018.2834
1303.7848
1090.1458
725.49963
900.9657
1646.3611
1095.6309
903.47473
2361.382
266.5719
585.3591
426.21106
698.38104
2209.6064
1075.2555
1291.9431
1303.71
1577.8812
1871.2529
703.6627
1253.4163
1372.0497
889.496
1132.2141
299.8008
224.79825
714.86523
1197.9266
2288.1895
1069.031
2261.9043
708.1765
1100.9924
1408.2224
1542.6401
522.21985
1132.4336
984.6968
1010.5454
1171.6321
207.16861
341.26416
994.51874
867.77295
548.756
681.3773
1112.9807
1645.2178
1018.0448
663.2646
1173.1045
257.62933
1212.2039
732.66565
1449.7756
278.7068
1179.376
509.84393
468.63516
517.9249
1252.6537
601.82764
1167.6855
1011.8118
1318.9062
1114.1364
1630.195
803.59045
563.02734
692.5908
1600.8033
794.51917
1086.4716
271.88553
142.27765
1156.9938
1122.9153
593.0714
614.1247
930.82056
1336.7849
265.71414
760.14874
616.2831
623.25964
959.00916
523.2289
1021.7482
1680.2874
1288.3247
427.88736
397.20593
629.103
1281.3524
1303.6625
304.79865
1524.73
1244.0676
1336.9666
1146.075
1172.6509
1043.3915
334.67303
526.67566
501.31033
532.8727
1017.8554
1167.3221
611.6018
772.5637
1178.551
777.02136
2400.3218
554.0017
595.54926
549.79407
1502.2268
1164.1025
848.1781
351.4829
1267.896
735.57166
2076.6074
958.9338
486.5681
1197.7964
809.667
584.89624
1520.1318
847.2877
718.4585
544.79895
1011.9307
1394.2756
1435.5283
865.7904
512.89075
659.85925
1075.9231
1019.73816
731.56903
398.7098
1986.0146
1025.9136
1194.462
1100.6702
279.4707
995.0615
416.89355
362.63446
1119.5597
558.528
102.14763
671.0118
1491.3865
557.6957
444.414
2415.4329
1098.6855
653.7357
1855.6719
591.3861
1092.6342
1351.2673
1032.3987
251.78006
904.88934
868.6266
863.5438
1206.0608
581.51514
673.9126
1619.8625
1054.4255
917.23083
1166.9215
1672.148
2379.3042
1389.7987
1247.1306
1207.897
965.67645
895.48517
1023.95294
540.9402
410.20068
906.6083
724.5758
220.60995
989.2439
1094.4332
514.2075
1212.414
1199.3558
839.2061
693.87976
441.95605
801.4176
824.0336
1146.4918
734.22534
1184.9913
947.5685
870.92346
1238.3842
465.2374
1291.1757
1323.24
427.41287
2239.9575
814.1904
722.35425
441.85376
1007.8257
777.573
303.40396
546.42377
976.9673
1602.5122
1508.2393
984.4691
2139.8984
602.2763
561.43427
1425.9141
2315.7007
374.1209
2057.8645
1917.6929
460.0147
395.99976
1570.9822
657.3385
1405.5891
1067.6653
1532.2959
1408.7141
1550.4236
1136.3372
979.3509
921.4407
1474.0472
498.91916
530.69507
552.39465
1366.5574
529.4817
933.7541
400.89
728.03186
1020.94275
620.1356
253.2367
1275.9354
1084.6783
1049.0918
1531.1084
587.8579
1370.4093
503.47272
635.38696
381.8359
694.71875
437.6767
872.4624
508.06262
845.4994
1087.3107
1359.2261
874.76215
2153.5605
1144.9663
1228.2087
1252.8922
431.25464
344.01483
496.8069
646.8329
630.5604
256.3991
1306.2922
1546.4055
634.26624
525.808
1231.4255
1461.8698
1171.821
563.01746
1041.9292
483.70782
1547.8494
1165.5125
482.48788
234.69669
1224.7224
452.06805
1508.1487
1240.3345
1427.35
676.23944
255.97176
865.4442
1098.733
1280.3092
850.98303
541.5766
647.5029
1205.7576
949.4332
1434.5657
1028.1256
432.1094
815.70215
654.34784
787.78375
1085.2513
747.93164
1101.6575
545.3133
513.8688
952.7751
619.5332
1321.3572
775.04663
1591.0674
1393.0627
742.49866
332.5604
1308.5927
426.29044
949.8434
438.32117
893.2051
251.36494
783.9426
553.4493
919.9548
699.7651
1446.5173
1595.9219
252.23473
1105.805
1252.5304
960.91235
537.7135
1033.928
1513.8655
618.34515
442.91876
1017.4851
2239.3655
1884.5428
624.60065
826.2838
659.28705
776.7241
1218.2759
604.35175
1138.6198
1838.112
1147.7368
1422.19
508.90692
542.20184
898.1189
783.93774
643.85754
1356.1382
383.77097
767.05273
1490.0927
772.93695
437.94318
1480.5696
1494.2688
378.4803
1162.7198
852.8418
1234.2493
397.94366
1417.6758
596.1102
547.5655
1130.5317
1001.2665
1011.18207
1306.5039
424.5827
593.2859
1390.3691
1026.7953
1258.4146
533.8934
439.6154
1441.4865
1742.4124
1745.5731
792.0659
129.8992
321.17905
918.3095
446.92352
394.57092
1057.729
774.33185
495.32697
200.29163
746.9206
597.28394
1293.4258
1106.6888
1214.4583
1267.7284
457.50378
1250.8077
983.8862
1175.4214
1138.8434
1130.6829
1297.1816
724.13135
610.78937
895.3008
331.5356
2005.1025
253.33005
1015.2089
1196.3799
1220.3015
1142.4642
1266.5094
1007.3361
965.3563
1331.3995
1106.4924
1081.2417
609.8873
498.77927
1286.8016
533.12823
1174.7661
1108.4652
1029.6025
546.2725
405.83405
393.6983
1014.34595
650.5978
1284.0088
1234.4603
1874.9548
1028.5793
820.87317
643.84564
581.2121
554.6888
1087.1362
1149.5502
914.0867
1836.9883
916.7121
1721.1104
2334.6016
539.2944
428.79102
867.81335
651.7401
685.0179
1047.6842
1474.8391
1289.8291
604.41425
860.9302
695.36615
601.7193
1443.641
1579.8916
1081.1707
1232.6023
653.8562
591.9021
346.01767
1328.1898
