1287.2794
1021.6564
902.1553
1193.573
592.73663
1284.8009
1129.1216
235.27917
1230.9117
717.21643
456.66275
878.37616
364.70282
1379.3005
1265.5703
992.8282
1348.593
1183.0759
1525.1287
370.59357
2251.7354
1161.1058
363.60315
816.18005
534.0965
422.2458
1437.2896
1324.5491
858.68964
1154.791
541.1991
462.35123
397.81952
457.7423
1375.2031
324.62103
1060.2062
581.94763
2113.6108
502.74585
783.1575
1513.5989
595.55023
381.1317
327.81656
444.79327
1174.9573
728.5873
561.2167
274.42923
655.50854
1462.693
937.2309
1315.6711
927.42175
794.64124
671.103
1183.3445
482.89026
653.0836
1238.3107
336.59885
302.1182
1135.1154
1485.7211
1144.8607
396.3979
1069.6934
604.10425
1275.604
1162.8365
766.1232
1174.9065
1223.8933
912.86584
897.52136
768.4737
1094.1147
488.758
1314.002
816.4232
1326.2378
219.19185
1158.7151
753.42615
1041.7302
875.2814
1114.6467
1006.5762
1114.3884
1353.748
843.7418
1237.7979
2419.3667
689.6163
1318.0071
607.85876
1163.3746
656.5165
697.975
1449.2192
1101.1136
1204.8293
381.5991
1044.7739
1351.6472
831.04297
736.9649
2258.6416
2381.0444
1428.4238
497.9279
793.8421
278.25333
554.41815
396.084
2304.2134
1086.6798
1341.024
671.4407
360.22406
749.948
1204.9569
1363.508
1337.2603
1046.6755
387.73914
552.6162
2308.7495
854.45984
662.31464
466.624
1020.5867
2061.2476
1225.0625
187.51697
1146.4635
614.9314
858.6819
1011.5537
1328.7695
1387.6772
476.87225
755.1322
813.2698
510.45297
834.3844
1116.2924
363.38293
1285.5676
2333.678
917.0425
982.7491
406.52322
742.3099
1087.5968
1175.5315
1420.7222
899.20447
304.589
1079.8132
1354.7849
782.40137
1077.6846
1099.16
842.9898
2388.0627
1477.1693
845.92395
724.90576
852.58795
364.0573
564.77875
549.7385
485.51715
1545.0334
1203.0786
503.7009
1200.4346
803.789
1495.1959
576.5691
2551.4604
400.95624
2322.9568
1951.2195
1516.781
2357.6592
407.67493
1389.2039
851.2366
571.1026
1380.5356
1049.1396
212.00272
353.50778
868.9457
352.8923
697.31824
1521.6327
1014.7944
1162.0939
1193.7726
593.84033
299.52176
777.0726
625.9723
498.74908
384.03943
1073.3025
899.2012
556.78687
422.13507
2246.9417
1433.7616
794.3739
408.16693
643.6738
1066.5525
690.7113
2187.5308
604.50946
2225.8088
243.94348
1302.1079
1254.6548
2205.3584
1425.519
520.58215
418.23914
1083.7484
207.51009
571.58484
1180.8008
1182.9587
1101.0989
764.7589
1096.0686
2362.5195
940.09607
1115.297
191.49849
2549.7427
1123.3042
928.61597
700.09955
1360.1863
1083.067
921.06415
1279.3533
1407.4307
819.26715
750.0418
551.09186
1204.0137
1028.9467
1454.6228
1502.6279
1380.3877
1059.5728
1404.7223
1437.2762
676.7431
408.68158
933.2725
1016.0851
1340.1931
1018.35455
834.76807
844.06006
1095.5166
1610.4269
642.7837
1125.1183
540.4987
1329.3789
541.46533
1291.3013
1126.2544
1624.5693
417.82892
1131.9443
1240.4895
499.65054
513.35657
1127.7068
519.7072
232.12161
812.2794
1155.1047
1748.5898
1371.7186
1009.2611
1124.6915
359.5945
1196.0754
1274.7505
2262.8674
682.4669
249.80083
1021.6022
1367.2642
263.50784
440.1949
1071.3752
1402.7567
756.1174
423.79874
342.9093
1356.2964
1594.7535
669.2218
558.1739
2455.9265
976.82996
966.2551
1161.9685
857.5454
334.94104
340.81595
835.9342
1134.8293
973.4821
933.2669
338.56903
2437.045
595.4778
373.6068
1319.0133
904.9462
315.14984
1080.6439
1522.5782
429.6183
1174.8384
1083.5183
1598.5208
956.37213
968.4743
923.1279
428.66644
1163.1587
1001.63904
351.78125
1110.5847
1326.4597
314.4912
607.49084
663.7634
908.5578
493.61243
598.13965
505.7248
616.74854
141.39093
395.2656
305.36005
745.0556
740.7616
612.7923
693.93304
371.51236
1400.494
813.3153
262.11542
728.7607
1579.2162
1109.9779
1385.6716
472.91095
298.80658
1063.0061
935.05286
986.4114
1277.3491
1119.5139
506.4046
1332.3376
148.7544
383.4352
1732.645
773.1207
491.41998
204.97331
1430.1962
486.95786
850.4004
1220.3477
857.3862
1072.708
568.2859
521.96857
998.2235
1099.5656
720.0592
1027.9893
1630.4542
1071.5508
867.51965
998.4611
620.8639
1504.2864
908.23615
1493.4768
734.8771
420.2332
1316.5265
670.8976
949.6466
488.3628
333.45392
987.7505
805.93616
589.72705
1589.1823
384.9697
990.1427
935.57227
448.3014
747.0034
778.0596
463.64804
383.81
806.65137
1468.0391
217.71393
1016.35657
462.6244
1043.0382
904.6328
819.2561
1058.8871
954.0537
1144.5132
1092.4368
858.87744
551.6346
714.8738
1520.4667
1767.4548
877.5272
1325.7975
1064.4678
615.7167
537.67456
1367.7927
1390.9343
839.70844
1373.8225
1311.9175
460.90625
742.64777
1384.8525
527.8062
924.8854
1228.717
1220.0085
628.4079
1224.6869
488.0911
556.755
1145.9087
618.8728
1204.0223
777.7173
1192.6335
388.5469
977.9259
1137.5144
1184.3403
686.2238
1329.9102
1077.5198
1413.3223
1021.79065
1204.377
423.75336
673.61
468.17627
694.0912
447.49673
1271.7356
894.8817
1636.0889
588.51855
572.8053
718.44604
1248.837
1243.9373
829.4165
2143.68
587.9529
388.0482
757.40265
1149.7495
1157.5759
812.3438
435.22958
1200.6951
645.82806
600.85944
1260.822
1287.9027
985.69495
1436.4379
1127.6504
455.70575
454.94717
745.08057
958.4995
1269.1132
1316.1082
492.2352
175.02472
448.5438
351.64798
1002.44727
1478.1743
332.7197
717.01904
816.99805
470.54053
1597.8206
853.2049
757.99756
1123.8635
1558.0417
415.13135
1146.5219
1110.7668
1266.9703
619.3981
780.47577
411.4073
321.38934
380.8795
736.8686
1393.401
560.11884
748.21375
732.29474
642.1376
1039.8915
2182.293
688.30396
1096.5092
938.2088
2391.5479
493.4103
1461.7214
1446.4958
755.551
1124.2754
973.74554
970.5829
1284.8789
1058.0587
717.1581
2213.4177
568.4706
377.90283
1080.5007
566.22003
657.1454
1740.8923
1547.2383
1313.7637
301.088
1098.3423
249.0809
763.6759
1030.0212
1205.3228
661.95435
755.1742
882.246
382.55835
323.8226
1190.893
729.31226
427.59985
1456.621
1071.6401
1426.9338
887.9484
676.5478
152.76219
630.3432
1508.3796
321.5099
363.79202
492.47806
571.5139
977.5978
1055.0931
682.1476
1291.2507
1163.5852
150.9615
999.0866
551.1894
1131.4302
632.0452
1241.0488
1088.426
1343.2773
1141.1594
450.27524
792.3379
708.7494
1300.8263
1332.4426
377.5286
1724.7069
344.2483
570.4827
1189.9758
900.49884
205.09103
807.0218
667.25934
1299.9447
531.4466
686.53656
1537.7112
1210.2858
199.36067
1210.4172
826.6542
1277.5483
517.30176
1041.5005
1282.1763
1277.1376
339.0135
1112.795
1658.1493
563.5075
1190.4148
665.5267
730.82
763.97455
685.44006
1376.7694
1147.3025
2388.84
924.1449
1971.5947
1218.2603
728.7135
1587.1454
1110.0614
2097.6697
593.826
1131.7139
1186.1382
759.0372
606.5117
645.6996
1485.8503
802.36804
1120.6941
462.1605
508.0308
1557.221
494.01968
273.95663
891.6295
391.93735
1168.3372
180.98604
980.03754
863.1568
691.9154
661.9916
258.9326
557.2457
274.64597
1025.3904
663.4886
1026.4532
452.21057
634.4758
1649.8647
1181.3882
1198.9081
572.9585
1100.4233
1230.3057
1039.359
327.2752
1103.5558
326.1775
379.0847
1042.6848
1432.2817
2264.3684
1487.8215
475.29327
307.12442
915.6762
734.95013
924.13995
435.09366
300.5464
766.6587
328.07843
1104.0148
1231.294
1162.8889
1147.0543
463.4174
830.16016
1286.4185
1586.6641
2152.7952
797.3953
603.68207
1034.6643
699.3937
776.43835
447.37427
783.3501
1001.65894
787.1297
1045.7537
1550.5076
654.8285
572.20654
406.25052
1309.3973
537.2114
501.105
1003.3047
945.11176
884.2012
1261.8323
1101.3992
1462.8687
999.6664
980.3268
619.2703
572.741
596.69653
1606.7991
633.0057
1524.1814
1223.4451
1845.4109
440.7702
531.0829
935.00476
437.86304
1653.9358
566.20667
611.2271
1014.13745
1212.8176
636.44775
965.3763
1489.9211
719.0988
948.29156
1830.3187
692.10425
1182.6967
222.47449
1117.0214
468.01764
1458.2733
544.99115
674.499
1393.8533
888.59814
1477.0072
1097.5262
1100.5466
952.7081
654.26996
1191.7715
461.9734
1465.7108
1043.7422
930.51514
340.61035
1006.17285
540.7282
463.7728
847.7415
843.1166
260.829
1249.3748
1055.711
1097.9935
398.12653
599.1139
589.3812
481.09753
965.61743
741.8937
1221.4921
387.90695
1545.893
239.50595
791.79626
742.2325
609.2185
176.84155
754.03076
705.8629
682.5523
274.82996
640.9859
786.17786
431.65216
274.97516
345.8404
740.27905
1054.4498
836.595
982.57
1381.3004
1362.7764
729.5371
899.70593
1386.5625
1108.3335
904.6618
605.203
985.872
1329.1873
306.21652
600.0967
465.1654
2290.3152
1059.6105
1638.6807
655.07056
447.5533
1125.3021
1156.6243
652.84564
1056.7175
1114.9032
415.724
842.6074
582.35693
631.8247
322.18945
427.70386
782.03735
1434.5931
1103.572
287.15878
608.05634
1261.0616
1177.9696
484.148
392.3531
839.44025
580.8796
602.3711
1122.0481
1183.5969
160.11926
1201.8207
950.7946
1472.1523
1014.26526
790.0497
1531.5309
1245.5891
1334.01
676.74524
837.5537
762.33203
766.3103
1221.9689
1397.5236
1187.2992
1334.4468
1111.7999
1089.127
526.68616
454.89386
1498.0737
388.02374
749.7702
656.739
1209.9106
202.5416
688.9918
1735.6461
1340.5112
1195.27
342.52
1219.663
475.23718
383.73068
1238.5801
1773.3833
685.85284
992.3458
976.81976
2010.865
1044.6458
1370.7617
657.5415
1302.7725
1435.3115
1231.2671
1251.3942
567.62134
1229.8811
1215.963
1271.5
1065.1152
1058.646
1158.3213
857.17584
640.92285
449.28314
649.7267
825.71844
866.63635
1320.0875
670.93256
1153.8228
1011.49536
1123.5829
578.683
705.4026
755.1729
511.96906
2304.6191
542.84424
1661.6135
2289.2888
688.3446
661.9498
2163.7715
1014.6902
765.98315
1989.6277
484.1957
858.0609
1065.6727
861.1214
233.01071
493.04535
1151.1045
2442.094
461.93903
509.41895
1438.3333
1543.0641
633.409
340.21677
1430.2173
1284.1238
933.42773
1140.5579
1247.7416
1447.2437
1151.6542
357.372
1043.5413
1220.4197
233.00108
358.8358
337.2461
1459.2343
495.88727
967.5019
1000.1325
422.73367
1530.7174
403.9478
707.6487
1010.8175
1211.4446
1285.9048
1209.0209
794.4236
474.73755
720.1011
1434.1636
539.37976
467.58725
489.47388
1204.2388
490.56555
1257.9694
802.89343
1072.8123
1227.3486
511.24884
1500.5349
544.4146
317.44476
1247.2821
345.7383
1496.5144
798.4122
1457.0774
362.0144
1058.8252
1211.1719
1020.02356
602.0382
1466.9775
1138.0759
1459.541
1351.2405
1280.4768
349.95255
2201.9429
475.1418
473.27966
1219.9434
833.63245
1119.7356
1682.374
1067.9155
1402.7
2138.4316
1409.318
609.9819
1379.0835
899.6517
459.5282
351.70404
837.6631
830.90906
1505.1843
1036.4985
534.3547
860.22705
586.44385
1148.751
1113.97
1035.553
502.14417
410.25977
1046.8392
795.39813
434.3252
1318.0598
732.7437
421.5466
1315.2468
960.2256
846.77496
441.3485
853.7637
640.4633
438.12537
816.0064
934.72986
752.09644
2379.649
820.1272
977.96313
1328.0874
1082.6062
536.9466
1158.9468
1099.3789
1274.5254
893.5698
328.90274
328.5079
1594.2898
1375.6481
1042.9875
935.77423
784.6461
1037.7444
1226.3613
1194.0723
1180.1011
1445.6647
514.3142
1195.2458
270.00626
829.48615
288.2076
471.85184
645.6086
1245.1555
1208.4336
1428.4474
1148.0939
1341.5393
387.35376
689.85803
864.9381
1164.7909
475.7657
999.1931
948.54663
482.098
1253.3882
1249.3632
2284.7456
499.05115
953.95856
372.75732
1291.3245
1200.4482
1168.1987
1519.6462
2259.8062
1440.4707
404.81433
1415.5638
522.51215
878.6022
470.4167
756.6627
1208.3033
771.5533
549.14606
890.9348
429.63434
1273.054
2291.251
857.87463
2277.4392
1349.7358
1375.8911
550.23834
1373.3972
567.0253
477.44592
1307.9572
793.93176
529.16376
281.91162
1236.4698
772.1476
616.1825
925.82733
256.38425
455.74634
1109.0056
304.26685
830.22943
1056.3246
1473.005
975.70386
724.4721
320.73492
1342.9302
1936.3208
579.1706
1057.6045
1430.4713
390.23676
845.32153
194.65717
307.6922
971.16626
865.10925
1809.1616
1821.624
1331.6566
586.0094
329.60794
612.5663
866.7893
1054.4651
471.71738
387.8536
345.91922
1034.366
542.37225
1166.9603
1444.3622
707.10876
661.7543
790.87756
1093.2872
404.1216
667.2341
948.6207
1507.1604
303.13702
1476.0986
1288.4252
1360.4108
530.4407
1258.3328
1264.986
1204.7983
92.9254
727.67365
463.2494
673.1412
544.0298
1065.4277
1369.6528
1537.466
508.49973
735.27936
835.7205
505.76773
2496.7666
562.6543
642.9989
628.0779
876.1534
400.6835
707.4896
700.4166
832.4673
560.26184
1048.4548
247.88734
821.8731
997.3962
481.39612
417.62152
1084.8672
708.55054
1145.4409
1551.8312
1799.7646
531.2776
552.77295
916.8114
719.86145
865.192
1182.977
2095.154
1792.3757
2397.08
645.6779
907.97687
1031.1957
901.2478
435.982
963.9992
624.0462
821.1731
585.8651
661.8251
307.72733
909.819
521.36444
1274.9998
972.45276
1495.8447
298.15298
938.33575
696.3799
757.46387
1125.8115
1245.6808
1444.7234
1194.2432
1026.4949
1196.6946
1427.7059
1132.5813
1186.782
863.88904
1102.9606
1087.7235
790.5039
383.04224
1244.2097
735.7179
616.5727
1022.85913
1262.5122
348.5879
589.55383
1433.9956
446.80862
1486.9691
500.83975
1616.3723
958.8462
1303.7594
2215.3943
513.76
1602.1763
813.97754
1647.946
2077.5476
1214.045
939.33655
481.02972
472.63464
1259.8157
359.79605
2282.8684
482.80084
584.2032
834.0953
957.7844
611.3252
529.6248
366.5553
1265.0009
1204.337
383.23993
1587.8601
1321.0354
105.298386
597.52277
1012.49146
2465.177
296.36395
822.4521
1479.361
541.63513
1225.98
1260.9288
2341.1304
2295.32
1232.9037
666.01575
706.23413
1417.6246
564.2987
1167.9768
1066.1382
1303.5907
526.9968
1145.0603
1500.2548
948.3303
1149.2887
472.35632
403.2453
714.3689
1002.8417
251.10747
1486.5461
874.85645
733.5316
700.73694
1586.6677
701.8279
240.93173
677.17444
154.0889
462.4404
333.09818
1022.9888
997.3844
378.2663
715.2695
1016.96216
360.1623
1477.0791
557.903
883.36743
881.50964
692.4738
322.57025
1193.9312
1070.4824
461.8829
744.02026
693.6533
1122.9587
915.85004
1332.5579
811.3468
1189.8405
325.71173
971.41846
989.7853
214.22739
829.8593
608.73047
443.15912
1472.6184
1428.8345
415.66998
1230.7101
1283.989
844.8082
954.5539
1063.881
582.1383
557.19543
440.12372
1382.8966
762.2477
671.3497
638.1633
1521.5955
630.1776
522.1959
924.1102
986.5824
277.88055
1087.408
1248.646
1049.8088
1584.8469
1361.161
1510.8707
316.67316
1083.9358
382.32327
461.1929
1223.9307
1347.0223
672.40796
641.2617
487.40793
1756.4628
948.8675
589.86035
490.776
938.06226
1385.1445
718.56354
1147.8379
406.37466
632.2274
401.30267
300.94696
729.9442
1437.0175
393.39404
389.61917
1237.217
599.35443
425.52014
650.18164
676.33826
1025.2292
1076.4089
1143.3682
2160.3782
420.25815
1589.822
946.2186
472.35126
1214.1038
1193.7268
693.921
353.70386
1215.9485
1161.9094
1107.4084
542.83594
467.02722
328.44
948.2892
449.008
1216.5916
473.7978
789.6825
767.6913
1616.7373
1069.195
484.6986
1038.4644
1548.1698
1481.612
1906.3503
1583.418
1195.0741
998.6692
160.03806
1431.5712
350.61792
1172.5006
1321.3654
645.358
909.78705
725.503
533.7931
1036.3193
2083.4585
387.986
624.48224
1148.203
1025.6401
1630.1697
1310.7207
747.6112
875.766
269.91583
464.4492
1190.549
861.23926
970.4415
1208.137
1738.156
1141.428
319.22784
236.99747
1318.4739
849.481
596.08453
1234.8502
301.02814
814.29956
1358.2048
761.5488
376.52402
1348.9008
451.61243
999.28845
1012.30444
1301.8572
1086.739
718.188
897.1769
1640.2028
1088.188
898.4967
2366.0347
260.98108
580.0908
424.1941
692.6039
2213.0884
1069.1863
1288.0272
1303.5056
1574.3215
1864.1189
699.21533
1249.4562
1367.5552
882.5137
1127.9396
288.90463
218.29239
707.4066
1193.167
2285.7974
1068.7993
2258.6497
700.79846
1101.4436
1406.452
1539.5424
513.7839
1132.9462
979.63257
999.20337
1168.529
199.55382
343.19022
983.95935
867.838
545.7606
677.37604
1108.8325
1644.9758
1013.28314
654.90094
1165.5743
247.79759
1206.3794
722.74084
1447.2743
278.79117
1176.4446
506.92975
469.43652
513.3017
1241.4209
596.085
1167.1653
1007.8475
1309.7964
1114.7574
1623.0039
795.0283
560.527
684.8544
1599.771
787.5112
1087.6805
270.43726
135.42804
1152.774
1114.054
589.21014
604.55676
927.6033
1331.9017
261.03473
754.44086
609.0094
614.30347
954.8535
515.6542
1018.3992
1685.4785
1286.0297
422.06992
391.5985
627.4689
1272.8052
1297.6875
299.18863
1523.2417
1234.2341
1334.7974
1135.7255
1167.4742
1044.5876
331.09656
527.56824
493.50995
522.3014
1018.60754
1155.4904
602.9018
764.1598
1172.8965
772.18054
2399.0652
549.4052
588.98114
540.0378
1507.7583
1163.9031
843.66
342.70828
1266.7351
731.3935
2077.4873
955.94495
482.72357
1197.654
809.7898
580.9415
1514.8372
846.85315
717.98254
534.24274
1010.5951
1386.8766
1428.9669
857.91626
511.2358
654.9352
1065.0886
1014.3571
724.8805
390.24353
1995.9885
1018.54486
1194.7107
1093.8269
270.1324
989.23517
405.794
358.01294
1114.9904
556.91235
91.34396
673.9231
1488.2418
558.78406
434.7478
2412.354
1091.7722
651.09033
1856.2202
587.8516
1091.5647
1344.4205
1023.5477
248.71912
898.7538
864.9834
855.21027
1202.3049
579.67114
669.1631
1615.2814
1042.9573
909.3791
1155.4902
1669.9276
2377.8726
1379.5004
1245.5157
1210.3296
957.75934
888.08777
1024.0615
536.3732
406.97037
899.3347
720.2877
211.50679
988.67053
1092.2367
510.5708
1209.4209
1195.8527
832.2644
688.1218
435.8715
803.07745
817.97363
1145.0226
728.8657
1175.7765
943.1021
868.33563
1236.7574
458.37415
1290.5927
1317.0568
420.66907
2250.3127
810.11304
716.1225
436.54865
1008.1267
777.5977
301.56464
543.28125
969.9451
1595.3396
1502.5621
973.68933
2137.916
598.92236
552.8236
1419.2372
2320.2688
369.88855
2058.63
1917.378
453.59686
390.52396
1573.2925
656.8371
1399.1155
1059.5177
1529.8647
1407.3743
1544.2961
1131.7568
974.8817
919.05115
1472.746
499.95923
528.1133
547.9888
1349.9111
525.24786
926.9896
394.94516
722.72656
1013.74365
620.1073
244.33249
1273.2306
1074.4253
1050.9958
1531.534
579.5032
1365.1917
496.3055
627.1478
370.2999
685.57196
434.58682
864.57275
502.13916
843.46136
1085.2825
1359.2963
870.55365
2151.9534
1144.2861
1227.783
1252.0496
427.49365
336.11475
490.2022
647.3633
624.07166
248.3308
1306.1267
1543.3074
632.0703
519.63025
1229.7479
1460.0317
1171.1805
552.6429
1042.8367
475.35886
1547.2169
1163.4998
476.00214
228.27881
1222.5396
453.1756
1506.3002
1238.0885
1424.918
667.9054
256.03925
862.35315
1095.7802
1271.6293
847.97003
534.56256
636.9728
1205.004
944.4802
1430.4609
1029.3533
425.5573
812.7305
655.45496
785.63696
1081.9009
742.00256
1103.2556
546.34033
507.19696
944.7137
615.7228
1316.6675
769.1221
1588.4652
1390.4648
739.7423
323.25232
1306.3887
423.55948
945.0978
438.06824
887.8253
244.90012
777.19775
540.55927
912.26965
697.12024
1444.1664
1589.1763
252.14275
1103.6074
1249.3354
954.19446
529.36975
1034.7448
1517.6769
616.1478
443.6582
1012.325
2240.0127
1890.7142
620.5582
819.30396
651.07776
770.8311
1213.4961
602.9
1137.3141
1836.817
1143.0228
1418.0027
496.946
537.33923
892.0374
775.68884
637.66003
1357.979
377.1284
760.06
1493.0032
764.67773
429.20673
1480.7139
1488.7974
367.3723
1158.4608
848.3672
1226.1812
393.85156
1415.2849
591.7415
539.1495
1123.7324
998.5353
1008.4672
1299.8248
414.54523
587.9745
1387.2036
1023.07983
1252.8553
529.1744
431.05487
1436.1578
1744.7822
1748.937
784.98486
125.57074
318.95422
918.49225
444.09296
385.97995
1051.333
765.7451
483.2495
195.25578
741.42285
591.14355
1291.1079
1098.9045
1211.7358
1265.6357
453.1425
1251.6501
976.412
1173.9583
1129.9386
1130.1611
1288.7645
721.3474
604.69836
896.9216
320.18597
2010.9128
248.28244
1010.3127
1192.7285
1226.5719
1136.3267
1257.921
1002.47205
962.4247
1328.5592
1097.1578
1077.8665
606.7119
494.85834
1280.3206
526.329
1168.6804
1102.6311
1019.6015
542.7125
399.77655
388.15546
1018.4828
644.4419
1276.9514
1232.5988
1880.0135
1021.45776
813.8719
641.59564
580.3772
551.1983
1086.7174
1147.3748
914.7889
1839.2659
911.76184
1717.5562
2337.331
536.7624
418.09586
860.8447
647.0818
683.15967
1043.54
1467.4529
1288.0844
600.6975
860.6749
693.65814
591.25854
1445.2118
1570.564
1077.2915
1225.3945
643.4069
583.3717
341.04718
1329.5751
