1287.4647
1021.8173
902.2515
1193.4883
592.8247
1285.0444
1129.1348
235.48984
1231.0828
717.63257
456.94305
878.6249
364.8542
1379.3291
1265.789
992.88153
1348.6274
1183.3844
1525.3602
370.80627
2251.98
1161.3632
364.01233
816.3871
534.23895
422.33258
1437.293
1324.6575
858.8668
1155.0616
541.3468
462.43695
398.05835
457.76956
1375.4786
324.92084
1060.443
581.97845
2113.6047
503.0384
783.63
1513.5638
595.8673
381.3867
328.08264
445.19165
1175.0929
728.6644
561.3179
274.5334
655.84204
1462.8894
937.4598
1315.9319
927.5646
794.92664
671.3572
1183.4187
483.09854
653.4621
1238.6682
336.73868
302.24594
1135.2893
1485.81
1144.8528
396.58536
1069.917
604.4458
1275.6896
1162.766
766.42615
1175.0343
1224.1738
913.0293
897.62573
768.6847
1094.1276
488.9093
1314.1819
816.8633
1326.6729
219.38757
1158.7976
753.6487
1042.0474
875.6267
1114.6101
1006.86383
1114.6455
1353.6886
843.88184
1237.8878
2419.3662
690.05945
1318.2308
607.9682
1163.5219
656.6405
698.20593
1449.2832
1101.2446
1204.9796
381.96228
1044.9006
1351.8951
831.297
737.1516
2258.808
2381.2957
1428.5271
498.01974
794.0488
278.31503
554.487
396.47595
2304.3833
1086.8362
1341.2819
671.5833
360.431
750.0126
1204.9348
1363.5153
1337.2529
1046.896
388.02527
552.7374
2308.7886
854.68225
662.68335
466.74524
1021.0021
2061.2947
1225.2842
187.76935
1146.8119
614.9561
858.7452
1011.867
1328.794
1387.8926
477.0839
755.36127
813.4889
510.63153
834.69226
1116.4297
363.45245
1285.6433
2333.5103
917.29266
982.9016
406.74078
742.42255
1087.7537
1175.8522
1420.686
899.4203
304.76285
1080.0115
1354.8595
782.713
1077.8013
1099.4683
843.2811
2388.238
1477.2499
846.2081
725.0268
852.8077
364.22717
565.17487
550.00854
485.60504
1545.2189
1202.9209
503.9879
1200.772
804.00977
1495.4062
576.73553
2551.5142
401.2949
2321.4426
1951.3536
1516.9896
2357.7947
407.8504
1389.3967
851.44934
571.29724
1380.6506
1049.3259
212.25354
353.74512
869.2637
353.2126
697.5502
1521.8884
1014.85724
1162.0607
1193.9836
594.04
299.75183
777.31494
626.03754
499.02985
384.36227
1073.2377
899.4005
556.99963
422.24176
2246.8997
1433.8325
794.64374
408.32922
643.86774
1066.9163
690.89514
2187.8323
604.6898
2225.965
244.10188
1302.3944
1254.6606
2205.577
1425.6345
520.86414
418.5668
1084.148
207.71814
571.6849
1181.2141
1183.0175
1101.2273
765.0472
1096.2906
2362.6658
940.37866
1115.6232
191.71371
2549.8047
1123.395
928.92395
700.1555
1360.145
1083.1704
921.0277
1279.5051
1407.449
819.4641
750.35144
551.146
1204.1562
1029.3428
1454.8176
1502.6179
1380.4556
1059.8555
1404.8094
1437.3099
677.11755
408.7187
933.5054
1016.29254
1340.2655
1018.3728
834.9579
844.29846
1096.0159
1610.7814
643.0862
1125.2802
540.6847
1329.4565
541.64667
1291.4102
1126.491
1624.8341
418.11145
1132.0143
1240.47
499.86752
513.42126
1127.8928
520.17487
232.3266
812.343
1155.1621
1748.9243
1371.9059
1009.4768
1124.7539
359.77716
1196.2914
1274.8813
2262.8262
682.60547
250.22571
1021.72394
1367.3304
263.87976
440.48523
1071.3254
1402.9708
756.45886
423.9171
343.28882
1356.4932
1594.8253
669.5795
558.26855
2456.0596
977.1438
966.34424
1162.0851
857.5917
335.37152
341.36658
836.09766
1135.2609
973.72253
933.3827
338.761
2437.1694
595.6736
374.2688
1319.2656
905.02124
315.32523
1080.9265
1522.4863
429.71887
1174.9423
1083.6436
1598.8743
956.8002
968.48865
923.3511
428.8893
1163.2043
1001.6421
352.05362
1110.7897
1326.5007
314.7704
607.63745
663.9581
908.7271
493.95203
598.26434
505.98895
616.929
141.68921
395.36432
305.5741
745.18866
740.9702
612.99695
694.0233
371.66943
1400.5529
813.4064
262.39075
729.0774
1579.3628
1110.0715
1385.7823
473.0716
299.24637
1063.1326
935.2373
986.42645
1277.2543
1119.662
506.49106
1332.708
149.17119
383.85596
1732.6958
773.4492
491.69778
205.38896
1430.3708
487.23978
850.7371
1220.3339
857.46094
1073.0009
568.47406
522.21246
998.41534
1099.6011
720.39905
1028.1835
1630.7607
1071.6031
867.7515
998.61316
621.21423
1504.3324
908.28467
1493.4219
735.2201
420.5455
1316.7761
671.0062
950.04407
488.7498
333.63458
987.98303
806.22363
589.8282
1588.4988
385.0836
990.22266
935.7644
448.55115
747.3316
778.2983
463.92392
384.2046
807.0065
1468.1765
218.0347
1016.33325
462.93484
1043.3141
904.829
819.3168
1059.0835
954.2904
1144.6753
1092.5363
858.9446
551.7536
715.0896
1520.4248
1767.5841
877.7485
1325.8889
1064.7936
615.92676
537.84845
1368.1293
1390.7986
839.85913
1373.738
1312.1423
461.14563
743.2083
1385.1415
528.0269
925.10956
1229.0093
1219.9751
628.6597
1224.9045
488.19183
557.23737
1145.9779
619.3928
1204.1008
777.84283
1192.5787
388.67862
978.10345
1137.5719
1184.2275
686.49835
1330.0549
1077.6666
1413.7412
1021.8135
1204.6384
424.04346
673.8473
468.39343
694.32825
447.58997
1272.1357
895.1935
1636.2001
589.02423
572.93524
718.4847
1248.9286
1243.8982
829.6943
2143.7468
588.0243
388.40695
757.5355
1149.7876
1158.0348
812.4663
435.30695
1200.8708
646.27454
601.03436
1261.2703
1288.0352
985.7843
1436.5721
1127.8923
455.83267
455.11865
745.3502
958.4696
1269.2825
1316.3016
492.26727
175.2551
448.9027
351.76813
1002.4717
1478.2164
333.2037
717.11707
817.2617
470.58508
1597.8563
853.46204
758.16455
1124.145
1558.3105
415.24924
1146.5317
1111.1255
1266.9353
619.46924
780.9226
411.77588
321.56833
380.9906
737.14844
1393.7031
560.453
748.31964
732.43695
642.38
1039.9021
2182.4111
688.64685
1096.5507
938.4252
2390.8462
493.78516
1462.0149
1446.7268
755.61694
1124.2241
973.9064
970.745
1285.239
1058.148
717.3047
2213.6108
568.62146
378.11932
1080.7019
566.4025
657.34436
1741.3601
1547.4716
1313.9333
301.4084
1098.5029
249.39688
763.88324
1029.987
1205.5541
662.05505
755.4227
882.58295
382.67444
324.0544
1191.0724
729.3959
427.80203
1456.789
1071.5812
1427.0177
888.09314
676.6375
153.09665
630.6206
1508.4038
321.6962
364.11475
492.82465
571.6785
977.6961
1055.042
682.3405
1291.5837
1163.7661
151.3263
999.28064
551.4129
1131.831
632.35095
1241.2021
1088.5923
1343.2468
1141.2587
450.58768
792.70215
708.9631
1300.8828
1332.7483
377.75394
1725.1237
344.5478
570.64087
1190.0168
900.6572
205.29749
807.2462
667.30664
1300.063
531.74
686.75037
1537.8162
1210.3206
199.64294
1210.5052
826.8328
1277.5076
517.4648
1041.852
1282.301
1277.1394
339.35007
1113.0088
1658.228
563.6956
1190.4861
665.75
731.03076
764.1676
685.615
1376.8191
1147.587
2389.0557
924.21045
1971.5719
1218.3992
728.8318
1587.6079
1110.1361
2097.8965
594.0441
1131.7172
1186.3015
759.12915
606.60236
645.9136
1486.0549
802.4541
1120.5619
462.38348
508.19083
1557.1472
494.1469
274.04724
891.7918
392.07382
1168.6156
181.42693
980.4479
863.51715
692.24646
662.24036
259.24902
557.5661
274.9853
1025.3744
663.60925
1026.713
452.62375
634.7119
1650.2854
1181.7023
1199.0911
573.31165
1100.5376
1230.3386
1039.4514
327.52942
1103.9128
326.44653
379.09808
1042.7991
1432.2502
2264.4668
1488.1058
475.4912
307.234
915.63794
735.18445
924.4595
435.15338
300.83557
766.9436
328.3272
1104.0588
1231.4037
1162.9752
1147.133
463.64447
830.2619
1286.5477
1586.7197
2152.662
797.4136
603.9473
1034.7349
699.72424
776.82526
447.4592
783.6054
1001.7875
787.3444
1045.725
1550.5541
655.0469
572.47864
406.5446
1309.3511
537.40094
501.37628
1003.6191
945.3816
884.43866
1261.9862
1101.4302
1463.1544
999.9154
980.4109
619.2639
573.00916
596.8998
1607.3575
633.2372
1524.3674
1223.4592
1845.9453
440.88776
531.3973
935.2581
437.90192
1654.032
566.38104
611.3518
1014.3379
1212.8623
636.6103
965.52295
1489.9341
719.2735
948.5403
1830.6666
692.2621
1182.7001
222.76717
1117.2905
468.2839
1458.316
545.317
674.532
1393.8861
888.6698
1477.1123
1097.7278
1100.6353
953.0079
654.51135
1191.8242
462.17426
1465.8489
1044.0098
930.7213
340.62244
1006.3522
541.056
463.8858
848.2484
843.2227
261.24255
1249.505
1055.6931
1098.3706
398.35156
599.2715
589.5863
481.46753
965.7549
742.088
1221.7571
388.13303
1546.0524
239.60638
791.88794
742.4733
609.4343
177.15277
754.1278
706.272
682.792
275.10364
641.1979
786.2691
431.92303
275.31107
346.13376
740.444
1054.6418
836.73206
982.85187
1381.4536
1362.8711
729.80115
899.7851
1386.5833
1108.6997
904.89044
605.38837
985.95526
1329.212
306.35782
600.45166
465.39746
2290.3604
1059.6841
1638.8424
655.5216
447.79236
1125.4014
1156.6772
653.0508
1056.8473
1115.2775
416.00153
842.83606
582.59204
632.10284
322.384
428.00082
782.2349
1434.5928
1103.9448
287.45404
608.09894
1261.5054
1178.0958
484.4564
392.62128
839.5516
581.0775
602.6827
1122.1274
1183.6553
160.39078
1201.9081
951.2066
1472.2043
1014.4972
790.28796
1531.6421
1245.5524
1334.1696
676.9175
837.71356
762.66986
766.6266
1221.8525
1397.8494
1187.3901
1334.6407
1112.0342
1089.0859
526.99036
455.12274
1498.3021
388.14465
749.8625
656.78845
1209.9486
202.81636
689.317
1736.0852
1340.4929
1195.2913
342.83514
1219.6271
475.33078
383.96658
1238.9674
1773.6143
685.8817
992.5942
976.9595
2010.8218
1044.8197
1370.8025
657.85144
1303.0098
1434.9048
1231.259
1251.4363
567.9335
1229.9435
1216.4177
1271.5486
1065.1843
1058.7825
1158.345
857.40497
641.0606
449.52563
649.8292
825.8611
866.81537
1320.3008
671.15894
1153.8746
1011.84235
1123.7688
578.92004
705.4597
755.4436
512.32385
2304.82
543.2512
1661.7333
2289.402
688.4662
662.3315
2163.7888
1014.9469
766.0277
1989.6461
484.4193
858.1967
1065.837
861.3985
233.17947
493.11676
1151.2461
2442.0781
462.11066
509.67917
1438.1814
1543.1321
633.5236
340.35358
1430.2827
1284.0715
933.6093
1140.7349
1247.8264
1447.2798
1151.662
357.43018
1043.7144
1220.529
233.29327
358.95438
337.36627
1459.3246
496.26654
967.7153
1000.20844
423.1861
1530.8745
404.2309
707.9687
1011.20844
1211.4159
1286.1075
1209.4023
794.59454
474.9563
720.4415
1434.1079
539.44434
467.68674
489.73694
1204.6135
490.72952
1258.0945
803.1455
1072.8403
1227.3994
511.57153
1500.8005
544.64087
317.83508
1247.4072
345.8911
1496.7277
798.78516
1457.3462
362.2063
1058.8065
1211.2095
1020.192
602.2394
1467.2848
1138.099
1459.6583
1351.4396
1280.6228
350.12747
2201.9448
475.2143
473.44128
1220.1753
833.9758
1119.9443
1682.5118
1067.9807
1402.7844
2138.4224
1409.4058
610.1836
1379.1062
900.0435
459.90552
351.8895
837.9222
831.3174
1505.354
1036.7223
534.40985
860.6189
586.5387
1148.9142
1113.8649
1035.6482
502.34952
410.40842
1047.0203
795.7079
434.49658
1318.0896
733.2428
421.80563
1315.3591
960.50684
846.9591
441.67255
854.08417
640.61804
438.5156
816.20557
934.69354
752.3209
2379.4106
820.2478
978.16565
1328.3616
1082.5552
537.07385
1159.1357
1099.4081
1274.2915
893.80396
329.01376
328.81122
1594.2146
1376.011
1043.0453
936.1153
785.0054
1038.0913
1226.3481
1194.3569
1180.16
1445.9016
514.41187
1195.4045
270.2169
829.82336
288.44455
471.9812
645.96576
1245.2434
1208.4115
1428.5491
1148.083
1341.7913
387.63995
690.0634
864.96686
1164.791
476.13995
999.5306
948.66656
482.39264
1253.5171
1249.5326
2285.0186
499.17554
954.1938
372.85107
1291.354
1200.6641
1168.3485
1519.6626
2259.7446
1440.6573
404.94144
1415.5533
522.6046
878.7122
470.6422
757.08984
1208.3708
771.855
549.33093
891.28284
429.69016
1273.0837
2291.5483
857.9979
2277.4019
1349.7875
1375.9136
550.67096
1373.7269
567.13837
477.68784
1308.0046
794.01373
529.27325
282.00464
1236.7831
772.3115
616.5344
925.91296
256.6648
455.95428
1108.9163
304.55722
830.64075
1056.4001
1473.2887
976.08813
724.6356
321.0677
1342.8693
1936.2958
579.3258
1057.8848
1430.6089
390.64862
845.43774
194.96803
308.0434
971.11426
865.4222
1809.3606
1821.6091
1331.6809
586.2755
329.83655
612.7981
867.0531
1054.629
471.93652
388.0056
346.13354
1034.5511
542.60815
1166.9716
1444.3142
707.37805
662.0097
790.92584
1093.3789
404.22382
667.47284
948.79346
1507.3939
303.27536
1476.1011
1288.6361
1360.5415
530.6053
1258.3851
1264.974
1205.0515
93.12013
727.9181
463.5572
673.5199
544.1107
1065.4465
1369.9827
1537.6765
508.72043
735.3841
835.84863
505.97656
2496.9624
562.7629
643.23083
628.3019
876.2918
400.94037
707.72284
700.5377
832.6862
560.63873
1048.6904
248.1312
822.2506
997.4584
481.688
417.9928
1085.1342
708.78735
1145.4688
1552.1326
1800.2705
531.4209
553.10114
916.89636
719.95154
865.4944
1183.1055
2094.9678
1792.6082
2397.2808
645.7853
908.19653
1031.3157
901.45233
436.44696
964.14624
624.1498
821.45874
586.0205
661.98706
308.11475
910.0772
521.80566
1275.0125
972.55115
1495.7788
298.3789
938.4607
696.3846
757.57996
1125.9883
1245.8313
1444.5962
1194.3927
1026.7352
1196.958
1427.8777
1132.8806
1186.7688
863.86194
1103.0063
1087.79
790.4092
383.25986
1244.3751
735.91797
616.8679
1022.9883
1262.5255
348.89496
589.86
1433.9961
447.1985
1487.0485
501.1305
1616.4126
959.14087
1303.7463
2215.5125
513.9734
1602.3915
814.1574
1648.381
2077.486
1214.1826
939.6604
481.22504
472.66016
1259.995
359.88873
2282.8184
482.92514
584.62854
834.1802
957.9146
611.49646
529.7069
366.76846
1265.0774
1204.4629
383.31735
1587.9883
1321.3113
105.59143
597.6948
1012.6443
2465.3582
296.71454
822.7331
1479.6089
541.7789
1226.1345
1261.1904
2341.4048
2295.452
1232.9653
666.27826
706.3739
1417.2952
564.5233
1168.0916
1066.202
1303.6041
527.1856
1145.0027
1500.3324
948.4753
1149.4353
472.68567
403.58014
714.70435
1002.9131
251.32678
1486.5917
875.19836
733.7689
700.8027
1587.032
701.9905
241.18227
677.4762
154.32355
462.6308
333.42902
1023.18036
997.47644
378.49915
715.3794
1017.0392
360.42053
1477.1296
558.0837
883.47815
881.72864
692.923
322.97015
1194.1752
1070.5651
462.08643
744.27765
693.87836
1123.0858
916.2076
1332.6865
811.4918
1189.9354
325.98694
971.648
990.0348
214.48816
829.95715
608.84424
443.36566
1472.6262
1429.047
416.00525
1230.7378
1284.1881
844.9498
954.8857
1063.7351
582.4344
557.36
440.41284
1382.8628
762.4148
671.4
638.37305
1521.5804
630.2607
522.2904
924.40466
986.5521
278.2218
1087.6346
1248.8931
1049.6577
1585.0459
1361.3966
1510.8198
316.85757
1084.2396
382.61157
461.47455
1223.8667
1347.2474
672.9415
641.578
487.6694
1756.4392
949.1335
590.09674
490.85278
938.32513
1385.2368
718.61816
1147.8059
406.5138
632.64026
401.42728
301.1683
730.125
1437.1033
393.72244
390.11572
1237.2983
599.4325
425.67838
650.3328
676.47925
1025.3553
1076.2651
1143.3484
2159.7124
420.47546
1589.5743
946.4569
472.42194
1214.1799
1193.7631
694.3772
354.00305
1216.3733
1162.1091
1107.531
543.1218
467.24005
328.65265
948.4652
449.36322
1216.665
474.06833
789.8505
767.9479
1616.8547
1069.1802
485.01016
1038.5125
1548.531
1481.5627
1906.6599
1583.6403
1195.3231
998.7085
160.25966
1431.7823
350.80817
1172.676
1321.3854
645.54706
909.87866
725.6768
533.96185
1036.4302
2083.4343
388.1599
624.9032
1148.6611
1025.9437
1630.566
1310.7634
747.92633
876.11414
270.1468
464.7993
1190.6345
861.4403
970.5691
1208.4263
1738.1825
1141.4292
319.4326
237.19162
1318.6459
849.8112
596.4092
1234.948
301.15613
814.5773
1358.5043
761.789
376.6706
1348.9537
451.8615
999.6742
1012.60254
1302.074
1087.0281
718.2942
897.32135
1640.6382
1088.2764
898.87427
2366.2031
261.14267
580.31665
424.30234
692.77856
2213.067
1069.541
1288.1492
1303.521
1574.533
1864.3748
699.4947
1249.5953
1367.5308
882.76965
1127.8926
289.4399
218.49486
707.65796
1193.5034
2286.0195
1068.7971
2258.5315
701.1703
1101.5798
1406.4414
1539.8411
514.03217
1132.8022
979.7136
999.51483
1168.7471
199.93068
343.33292
984.3639
867.9513
545.91315
677.53
1108.8132
1645.0046
1013.5481
655.204
1165.7734
248.15262
1206.517
723.124
1447.2383
278.86453
1176.7334
507.102
469.5036
513.48975
1241.8264
596.1934
1167.1974
1008.01135
1310.021
1114.8262
1623.258
795.3279
560.60535
685.1461
1599.8605
787.7175
1087.7395
270.52066
135.70374
1152.8805
1114.5187
589.30066
604.86597
927.7803
1331.8931
261.17343
754.70435
609.1437
614.54346
955.1207
515.91144
1018.5664
1685.594
1286.0903
422.28226
391.7856
627.5797
1272.9888
1297.9489
299.48273
1523.5161
1234.4701
1334.8473
1136.0796
1167.6555
1044.5496
331.26575
527.64886
493.81818
522.6005
1018.6472
1155.8472
603.2191
764.37823
1173.0095
772.46423
2399.4387
549.6644
589.2875
540.32776
1507.5396
1163.905
843.7731
342.90637
1266.8685
731.6135
2077.7104
956.03674
482.92657
1197.689
809.91693
581.1417
1515.3333
846.9339
718.0575
534.5228
1010.67004
1387.0623
1429.2065
858.16345
511.37598
655.1166
1065.176
1014.6195
725.1864
390.49527
1995.7615
1018.94025
1194.6753
1094.0981
270.3505
989.25757
406.1784
358.15265
1115.1108
557.01965
91.45862
673.9667
1488.4224
558.90234
435.02405
2412.6328
1091.8689
651.2665
1856.4031
588.0746
1091.4852
1344.6787
1023.6958
248.87659
898.93945
865.00244
855.3649
1202.2616
579.81616
669.2886
1615.6748
1043.4231
909.60986
1155.7556
1670.348
2377.7725
1379.667
1245.5426
1210.3969
958.09534
888.44946
1024.1008
536.5062
407.14478
899.59607
720.50745
211.66872
988.6987
1092.4407
510.77594
1209.5979
1196.0364
832.6324
688.48425
436.0835
803.10205
818.3088
1144.9169
729.129
1176.2107
943.3428
868.35333
1236.8188
458.619
1290.5189
1317.2368
420.92963
2249.9194
810.36426
716.35547
436.82034
1008.2391
777.678
301.70892
543.4684
969.9824
1595.6245
1502.8235
973.9435
2138.1692
599.21405
553.0139
1419.2266
2320.378
370.04874
2058.5547
1917.6451
453.78958
390.66025
1573.3787
656.9845
1399.3447
1059.7708
1529.8484
1407.4458
1544.782
1131.8269
975.0093
919.1776
1472.802
500.02374
528.228
548.2898
1350.2554
525.42004
927.3469
395.25037
722.9464
1013.9164
620.33417
244.61108
1273.5381
1074.2598
1051.1619
1531.6003
579.74695
1365.0356
496.50284
627.5251
370.74857
686.02905
434.73917
864.84314
502.39438
843.5153
1085.0818
1359.508
870.7377
2151.9788
1144.3713
1227.8375
1252.1155
427.64572
336.35776
490.36542
647.47
624.33185
248.62323
1306.0427
1543.5706
632.19293
519.8278
1229.7228
1460.2024
1171.2267
553.03723
1042.8542
475.49655
1547.3185
1163.4235
476.14728
228.54858
1222.5259
453.20215
1506.1606
1238.1658
1424.9563
668.28253
256.1684
862.49
1095.7628
1272.0215
848.2222
534.8766
637.31274
1204.9326
944.43286
1430.7964
1029.6003
425.75818
812.80585
655.5315
785.68445
1082.2517
742.2447
1103.3892
546.40295
507.31448
945.0768
615.8331
1316.8862
769.4612
1588.6129
1390.7131
739.9166
323.58362
1306.4874
423.66464
945.33435
438.20514
888.1426
245.07213
777.5206
541.0161
912.47675
697.2888
1444.3245
1589.5336
252.32207
1103.744
1249.3448
954.5144
529.5108
1034.8635
1517.8564
616.2554
443.72202
1012.495
2239.716
1890.7543
620.8093
819.6212
651.28046
771.2516
1213.8262
602.9714
1137.3557
1837.1027
1143.1699
1417.9884
497.33878
537.4988
892.2812
775.961
637.8419
1358.1254
377.23798
760.2287
1493.101
765.0456
429.41837
1480.7251
1488.981
367.6152
1158.3329
848.59204
1226.4495
393.99524
1415.4187
591.82184
539.52637
1123.8821
998.6283
1008.5736
1300.089
414.79742
588.2433
1387.4177
1023.4386
1253.1985
529.3469
431.4302
1436.1681
1744.8958
1749.073
785.33496
125.92888
319.21075
918.5697
444.24084
386.19504
1051.7024
766.0641
483.54224
195.39133
741.6007
591.27234
1291.1199
1099.1748
1211.8599
1265.7795
453.2749
1251.7004
976.76794
1174.0125
1130.1013
1130.19
1288.9131
721.4
604.8238
896.9961
320.47165
2010.9077
248.3803
1010.48975
1192.8152
1226.488
1136.2834
1258.026
1002.77924
962.65625
1328.5343
1097.5637
1078.0973
606.85657
495.0315
1280.7551
526.55994
1168.9343
1102.9268
1019.89844
542.8895
399.89166
388.41443
1018.5652
644.73816
1276.7986
1232.6649
1880.1719
1021.77985
814.1758
641.7085
580.3694
551.28754
1086.7928
1147.4463
914.68225
1839.361
911.89624
1717.957
2337.423
536.9061
418.5645
860.87036
647.3082
683.2871
1043.732
1467.8362
1288.164
600.7638
860.6466
693.7709
591.649
1445.3069
1570.8135
1077.5173
1225.498
643.7195
583.70325
341.35773
1329.69
