1287.9778
1022.30225
902.5182
1193.4363
593.05566
1285.8463
1129.1257
236.09616
1231.5936
718.90405
457.87488
879.3971
365.2804
1379.3434
1266.4156
992.97815
1348.7219
1184.2947
1525.9896
371.4146
2252.4463
1162.1483
365.1535
817.02844
534.6517
422.57858
1437.3176
1324.8038
859.494
1155.805
541.7988
462.69986
398.70026
457.88162
1376.2885
325.8257
1061.1595
582.0919
2113.5256
503.9077
784.8395
1513.4993
596.78613
382.07617
328.83304
446.31635
1175.5054
728.83234
561.52454
274.86142
656.7767
1463.302
938.12427
1316.7991
928.0029
795.7178
672.08606
1183.5829
483.7312
654.53955
1239.6562
337.23572
302.5114
1135.7709
1486.1687
1145.0624
397.18497
1070.6312
605.4415
1275.9365
1162.8728
767.30164
1175.4158
1224.9299
913.4966
897.905
769.2955
1094.2173
489.10022
1314.8704
818.10114
1327.9009
220.04898
1159.026
754.4357
1042.9707
876.7306
1114.7435
1007.65466
1115.3838
1353.737
844.12976
1238.195
2419.1301
691.2819
1318.8861
608.2688
1163.9435
657.00354
698.8985
1449.4177
1101.651
1205.4093
383.0163
1045.2625
1352.558
832.0613
737.7134
2259.2725
2381.5374
1428.8345
498.27118
794.6913
278.6435
554.62146
397.54498
2304.911
1087.3159
1342.0078
672.0355
361.04984
750.2982
1204.9071
1363.7117
1337.2013
1047.7156
388.83527
553.11707
2308.9485
855.2389
663.7652
467.1341
1022.1404
2061.4204
1225.6843
188.48752
1147.7683
614.9975
858.8528
1012.7952
1328.8511
1388.4185
477.768
756.10486
814.06104
511.2616
835.5698
1116.8525
363.63593
1285.7673
2333.1152
918.01184
983.3496
407.45605
742.6305
1088.1897
1176.7433
1420.679
900.1577
305.1839
1080.5692
1355.1603
783.63025
1078.1567
1100.36
844.2139
2388.7236
1477.5778
847.04346
725.42395
853.50916
364.75568
566.2179
550.897
485.87604
1545.8882
1202.642
504.7829
1201.8328
804.66815
1496.001
577.08246
2551.6675
402.28268
2318.3481
1951.6805
1517.6292
2357.881
408.4294
1389.9347
852.0167
571.9364
1380.8123
1049.8904
212.95537
354.4516
870.2374
354.12656
698.2897
1522.6711
1015.0158
1162.0342
1194.6238
594.5978
300.50235
777.9746
626.2314
499.88437
385.27905
1073.5076
899.694
557.60034
422.46616
2246.8357
1433.9833
795.3727
408.791
644.4447
1067.9446
691.2769
2188.7253
605.3189
2226.39
244.57288
1303.2574
1254.5706
2206.304
1426.0256
521.7009
419.46915
1085.2316
208.32538
572.054
1182.3846
1183.2085
1101.4197
765.8556
1096.9702
2363.0715
941.17
1116.4758
192.40787
2549.8994
1123.5123
929.8393
700.4342
1360.0583
1083.4668
921.12634
1279.7438
1407.5581
820.07104
751.27594
551.3177
1204.5618
1030.4462
1455.2803
1502.5508
1380.6685
1060.6187
1405.1959
1437.4231
678.1847
408.8379
934.1707
1016.6969
1340.4426
1018.57825
835.5027
845.0011
1097.3855
1611.8015
643.95966
1125.7515
541.2383
1329.7456
542.2028
1291.6464
1126.9072
1625.2344
418.8894
1132.3375
1240.3871
500.50574
513.74817
1128.2664
521.5697
232.9079
812.3451
1155.3594
1749.9332
1372.2632
1010.0841
1124.8395
360.3421
1196.895
1275.081
2262.8047
683.16943
251.4378
1022.06946
1367.5085
264.97534
441.2965
1071.1827
1403.602
757.4269
424.22095
344.3393
1357.0586
1595.023
670.5879
558.5372
2456.1816
978.0127
966.5391
1162.4058
857.76276
336.64853
342.90652
836.5702
1136.4802
974.39343
933.7714
339.30655
2437.5354
596.27686
376.02887
1320.121
905.2232
315.9025
1081.6765
1522.5
429.9339
1175.2712
1083.9894
1599.8657
957.92224
968.4723
924.0029
429.3959
1163.2441
1001.7074
352.77353
1111.227
1326.6091
315.54938
608.0721
664.50543
909.2302
494.89258
598.57935
506.69794
617.3895
142.54576
395.63458
306.26117
745.49084
741.60046
613.57745
694.496
372.12628
1400.7943
813.71954
263.21085
730.01636
1579.8027
1110.2673
1385.9712
473.6325
300.52957
1063.4219
935.77515
986.5874
1277.0658
1120.162
506.70532
1333.7822
150.35977
385.0381
1732.7678
774.33527
492.49622
206.55554
1430.7029
488.0401
851.69666
1220.2455
857.64624
1073.8364
569.04004
522.8871
998.95337
1099.6191
721.331
1028.7761
1631.6758
1071.8164
868.438
999.0609
622.18115
1504.4813
908.42035
1493.3984
736.1367
421.40955
1317.491
671.38086
951.1476
489.83588
334.13824
988.4937
806.9873
590.1624
1587.0576
385.47946
990.45874
936.0901
449.285
748.31226
778.97205
464.75128
385.44122
808.00854
1468.6542
219.05067
1016.259
463.80524
1044.1078
905.35254
819.50415
1059.6658
954.91876
1145.2101
1092.7092
859.0642
552.1184
715.7273
1520.5549
1767.8522
878.3779
1326.1605
1065.6302
616.5637
538.3357
1369.1196
1390.9539
840.36505
1373.7563
1312.7356
461.8732
744.75696
1386.0211
528.6854
925.82153
1229.9092
1220.0364
629.41614
1225.529
488.50705
558.6302
1145.9426
620.86066
1204.286
778.2383
1192.4541
389.16113
978.6297
1137.8373
1183.968
687.17084
1330.415
1078.1201
1414.8899
1021.9485
1205.3997
424.82825
674.31836
469.08505
695.1789
447.86932
1273.2255
896.113
1636.3342
590.4104
573.28894
718.6151
1249.1824
1243.8505
830.4794
2143.7246
588.1977
389.4073
757.85815
1149.9282
1159.33
812.97015
435.54013
1201.4066
647.5882
601.30865
1262.5187
1288.2253
986.06506
1436.905
1128.544
456.2047
455.6834
746.1218
958.4386
1269.6589
1316.8444
492.39606
175.91083
449.91406
351.90546
1002.57214
1478.4542
334.53217
717.4346
818.0908
470.74518
1597.9087
854.22266
758.701
1124.9031
1559.0391
415.71182
1146.6918
1112.1663
1266.8896
619.8544
782.241
412.77054
322.33
381.3393
738.0017
1394.605
561.3994
748.7012
732.83875
643.04346
1039.7842
2182.366
689.6905
1096.6876
939.0226
2388.8125
494.82138
1462.8671
1446.954
755.81805
1124.1471
974.187
971.30945
1286.2734
1058.3768
717.73865
2213.8223
568.8841
378.7244
1081.2495
566.93994
657.74243
1742.6232
1548.1656
1314.3904
302.31204
1098.9843
250.31396
764.48975
1029.8829
1206.2544
662.48944
756.0842
883.5702
383.01572
324.73175
1191.535
729.6438
428.37024
1457.1886
1071.6094
1427.2655
888.53516
676.7965
154.04616
631.4053
1508.3489
322.06427
365.0644
493.7312
572.1739
977.7511
1054.9453
682.8961
1292.5945
1164.2806
152.3564
999.81274
552.10583
1133.0071
633.2023
1241.6006
1088.9866
1343.4385
1141.4618
451.48694
793.63184
709.6831
1300.8081
1333.2306
378.36642
1726.2435
345.53302
571.13403
1190.0565
901.07324
205.91203
807.91046
667.4189
1300.3257
532.5696
687.3811
1537.9956
1210.3367
200.52028
1210.7122
827.3196
1277.3826
517.8616
1042.8002
1282.6602
1277.0526
340.2615
1113.6486
1658.3027
564.25745
1190.8118
666.3428
731.7069
764.7223
686.08276
1377.0422
1148.3809
2389.6646
924.44055
1971.4008
1218.8027
729.1791
1588.893
1110.3271
2098.7048
594.6571
1131.7134
1186.647
759.2692
606.86743
646.5663
1486.6509
802.6643
1120.5901
462.9686
508.76617
1556.9089
494.50714
274.30917
892.3323
392.43713
1169.4165
182.6159
981.5434
864.55255
693.1546
662.91003
260.19678
558.4629
275.94058
1025.4796
663.97144
1027.4512
453.73132
635.47815
1651.4099
1182.5078
1199.6095
574.39233
1100.7379
1230.4808
1039.8204
328.2832
1105.0168
327.26987
379.1449
1043.1256
1432.386
2264.6826
1488.9259
476.0362
307.59927
915.72974
735.86414
925.33545
435.23648
301.63312
767.8037
328.98294
1104.1877
1231.8309
1163.2506
1147.2573
464.30984
830.64984
1286.9404
1587.0597
2152.2217
797.65625
604.79034
1034.5918
700.6641
777.93494
447.7264
784.2452
1002.25867
788.03894
1045.7924
1550.3469
655.7018
573.4118
407.43317
1309.7941
537.93066
502.10315
1004.5734
946.1105
885.16656
1262.4763
1101.5349
1464.001
1000.6438
980.5896
619.36053
573.76587
597.3734
1609.0947
633.7356
1524.8928
1223.4124
1847.394
441.24023
532.2736
935.9557
438.13535
1654.1028
566.9214
611.68823
1014.8622
1213.1329
636.9442
965.9865
1489.9232
719.77905
949.26117
1831.5645
692.7285
1182.7234
223.64633
1118.0411
469.09912
1458.4537
546.23206
674.6375
1394.0828
888.9341
1477.434
1098.332
1100.8699
953.8313
655.1594
1191.9355
462.77844
1466.2548
1044.7766
931.3716
340.69318
1006.8497
542.0194
464.24347
849.63007
843.3529
262.37177
1249.9155
1055.5144
1099.3807
399.0097
599.8752
590.1636
482.5408
966.19104
742.74976
1222.5259
388.86264
1546.4655
239.92422
792.09436
743.18176
610.02924
177.98209
754.4787
707.40234
683.4669
275.84558
641.8809
786.5653
432.69586
276.13858
347.0184
740.89685
1055.3105
837.15845
983.66003
1381.9796
1363.1265
730.54114
899.9442
1386.6531
1109.7319
905.56274
605.86633
986.49713
1329.3013
306.75403
601.5039
466.09714
2290.541
1059.8483
1639.1741
656.74896
448.52484
1125.725
1156.8406
653.74963
1057.0752
1116.3533
416.8117
843.37427
583.2904
632.8465
323.00165
428.86145
782.82446
1434.6068
1105.036
288.3484
608.21594
1262.7081
1178.4163
485.50815
393.39758
839.774
581.66595
603.4927
1122.24
1183.8009
161.23636
1202.1957
952.37256
1472.3069
1015.2152
791.0122
1531.9622
1245.4618
1334.6508
677.46423
838.1565
763.60834
767.4718
1221.8483
1398.8181
1187.583
1335.1403
1112.727
1088.9824
527.8508
455.79193
1498.9415
388.59338
750.11206
656.9596
1210.0334
203.70543
690.2832
1737.2627
1340.5266
1195.4509
343.75085
1219.5989
475.47858
384.65317
1240.0518
1774.2089
685.7366
993.2724
977.4088
2011.0382
1045.3596
1370.9034
658.70435
1303.7122
1433.7852
1231.2644
1251.5271
568.76965
1230.0983
1217.6765
1271.6859
1065.5153
1059.1609
1158.2042
857.97394
641.42365
450.25
650.03955
826.2637
867.4697
1320.907
671.8145
1154.0554
1012.8767
1124.4728
579.56946
705.5857
756.24225
513.3527
2305.037
544.4144
1661.8582
2289.893
688.7954
663.4035
2164.0117
1015.6938
766.15594
1989.2075
484.89334
858.718
1066.2878
862.1665
233.67105
493.38916
1151.6862
2442.0928
462.4895
510.4309
1438.3236
1543.3406
633.82916
340.68924
1430.6279
1283.9993
934.09485
1141.3402
1248.0911
1447.418
1151.7739
357.56552
1044.2046
1220.869
234.13571
359.31006
337.67365
1459.4073
497.29224
968.4039
1000.3087
424.51636
1531.4104
404.99982
708.8989
1012.32666
1211.3798
1286.7291
1210.4329
795.07623
475.60895
721.3695
1434.0063
539.51117
468.01028
490.5873
1205.697
491.31232
1258.4644
803.8712
1072.8186
1227.4629
512.4896
1501.4421
545.0496
318.94516
1247.7126
346.34613
1496.9023
799.84125
1458.001
362.7635
1058.823
1211.2307
1020.6774
602.64343
1468.2191
1138.1567
1459.9545
1352.014
1281.2621
350.60422
2201.9482
475.3109
473.90497
1220.857
834.9112
1120.5413
1682.6533
1068.1494
1403.0076
2138.7036
1409.6322
610.7874
1379.0864
901.15283
460.9505
352.42944
838.71594
832.4694
1505.7394
1037.3634
534.5775
861.6736
586.8186
1149.2122
1113.7958
1035.7676
502.97144
410.85742
1047.5469
796.5508
435.03503
1318.1416
734.5548
422.28336
1315.6858
961.26624
847.5372
442.6462
854.761
641.2449
439.64917
816.7748
934.9981
752.94434
2378.7483
820.51117
978.901
1329.1287
1082.5437
537.3952
1159.6525
1099.501
1274.1517
894.4873
329.36823
329.703
1593.9858
1377.1086
1043.354
937.0789
786.0686
1039.034
1226.3108
1195.1473
1180.4678
1446.6321
514.71405
1195.8535
270.82672
830.6655
289.11853
472.35092
646.98486
1245.4697
1208.3625
1428.8466
1147.9836
1342.3589
388.4671
690.6581
864.9563
1164.6971
477.18243
1000.4706
948.94507
483.26202
1253.929
1250.032
2286.1855
499.56158
955.0109
373.07318
1291.4918
1201.2668
1168.7424
1519.6085
2259.8254
1441.2039
405.32202
1415.5117
522.93713
879.0399
471.0705
758.35425
1208.5205
772.75165
549.87384
892.30597
429.85956
1273.1136
2292.5571
858.3679
2277.67
1349.946
1376.0128
551.9031
1374.6501
567.2393
478.4689
1308.0505
794.12494
529.4887
282.3271
1237.7046
772.8154
617.60315
926.2102
257.4161
456.57336
1108.727
305.3921
831.7193
1056.615
1474.1112
977.1574
725.0287
322.06168
1342.7576
1936.1597
579.8196
1058.6517
1430.9734
391.83316
845.80005
195.73796
309.0292
971.29553
866.2883
1809.8335
1821.7128
1331.6304
587.07495
330.57608
613.24695
867.8462
1055.0885
472.52893
388.5249
346.7093
1035.0382
543.24133
1167.1487
1444.2852
708.1024
662.6854
791.1388
1093.5737
404.5514
668.1529
949.266
1508.0562
303.69537
1475.9365
1289.2449
1360.9143
531.1098
1258.5411
1265.0453
1205.8097
93.71453
728.6486
464.511
674.56744
544.4112
1065.7649
1370.6177
1538.3137
509.3656
735.7322
836.1759
506.5708
2497.5325
563.1021
643.9176
628.96014
876.5769
401.68616
708.36755
700.9573
833.30164
561.7202
1049.2996
248.83522
823.21875
997.7032
482.48004
419.07434
1085.8754
709.55774
1145.5228
1553.0054
1801.7539
531.8999
554.06067
917.0869
720.28955
866.4663
1183.4879
2094.346
1793.2828
2397.9539
645.99115
908.8179
1031.6901
902.21875
437.5916
964.6627
624.3822
822.2521
586.4264
662.47076
309.21863
910.876
522.9839
1275.2511
972.7721
1495.8962
299.05365
938.7871
696.4194
757.827
1126.5594
1246.1805
1444.3076
1194.7983
1027.434
1197.719
1428.2966
1133.7759
1186.6691
863.9918
1103.1631
1088.0339
790.3334
383.88928
1244.7375
736.4904
617.6749
1023.31525
1262.5212
349.81735
590.7458
1433.899
448.3413
1487.2646
502.02402
1616.5352
959.9457
1303.7249
2215.7695
514.6383
1602.9392
814.8912
1649.5264
2077.5906
1214.5747
940.5531
481.76495
472.69717
1260.3013
360.0784
2283.188
483.2787
585.7541
834.36475
958.3117
612.0793
529.8499
367.391
1265.4331
1204.804
383.56714
1588.2516
1322.1516
106.42217
598.21936
1013.00366
2465.903
297.75217
823.5448
1480.3047
542.2046
1226.4412
1261.9564
2342.1296
2295.8733
1233.1113
666.96045
706.7929
1416.5155
565.1822
1168.3618
1066.3752
1303.6423
527.58997
1144.8215
1500.669
948.76483
1149.811
473.61905
404.55896
715.6518
1003.3513
251.9118
1486.7346
876.2565
734.48376
700.9962
1588.063
702.2524
241.9232
678.31854
155.01202
463.16974
334.40616
1023.7078
997.5418
379.14606
715.6582
1017.2406
361.18384
1477.2776
558.55066
883.81
882.3733
693.83435
324.11276
1194.9346
1070.6016
462.69238
744.984
694.5178
1123.4916
917.146
1333.0587
811.96313
1190.1252
326.5948
972.21533
990.74805
215.27527
830.19495
609.18414
443.9431
1472.6897
1429.6257
416.9459
1230.8197
1284.7588
845.22107
955.941
1063.3279
583.3927
557.7219
441.2191
1382.6993
762.918
671.4966
638.96765
1521.6497
630.4276
522.52826
925.26276
986.4121
279.24286
1088.3262
1249.484
1049.7502
1585.6514
1362.044
1510.7773
317.3819
1085.1943
383.41107
462.2659
1223.6171
1347.926
674.3369
642.3998
488.37158
1756.59
949.839
590.77356
491.02652
939.13477
1385.4904
718.76355
1147.7312
406.94214
633.8534
401.7671
301.73846
730.6622
1437.4417
394.56256
391.48105
1237.5646
599.65546
426.40787
650.79254
676.8884
1025.7732
1075.863
1143.292
2157.952
421.12976
1589.404
947.05005
472.62793
1214.2649
1193.9333
695.6975
354.84045
1217.5115
1162.507
1107.8988
543.9557
467.80588
329.07117
948.9018
450.3802
1216.804
474.84763
790.4425
768.69586
1617.128
1069.2258
485.89597
1038.6658
1549.5762
1481.4713
1907.4523
1584.3625
1196.1301
998.8651
160.96463
1432.3784
351.3606
1173.2347
1321.3408
646.12476
910.13617
726.05023
534.44116
1036.5731
2083.1602
388.68762
626.04565
1149.9058
1026.7579
1631.6401
1310.9069
748.8324
877.02844
270.83655
465.8636
1190.832
862.12427
970.88934
1209.2784
1738.4083
1141.5188
320.00375
237.85835
1319.1448
850.71704
597.36707
1235.1244
301.58405
815.36255
1359.3629
762.60876
377.0853
1349.0408
452.53796
1000.72705
1013.4677
1302.7539
1087.8022
718.6577
897.7461
1641.7677
1088.5758
899.9131
2366.2097
261.64905
580.9519
424.6229
693.3511
2212.8145
1070.5846
1288.5034
1303.537
1575.1514
1865.4185
700.27936
1250.05
1367.4976
883.56555
1127.7224
290.92993
219.10928
708.36505
1194.3499
2286.6318
1069.0391
2258.183
702.17737
1101.8868
1406.4851
1540.6311
514.7278
1132.665
979.87463
1000.45215
1169.3215
201.0151
343.72717
985.5208
868.20105
546.32495
677.9964
1108.7325
1645.1368
1014.25616
656.1508
1166.3512
249.17676
1206.928
724.22815
1447.1442
279.01962
1177.435
507.62634
469.68774
514.04895
1242.953
596.5105
1167.263
1008.47485
1310.6727
1115.0238
1623.9716
796.19806
560.82605
686.0013
1599.9747
788.3617
1087.865
270.62506
136.48251
1153.1946
1115.7815
589.62683
605.7698
928.2883
1331.8325
261.5764
755.4775
609.5606
615.25977
955.87134
516.6695
1019.0299
1685.8143
1286.2769
422.86438
392.358
627.81604
1273.5975
1298.6794
300.31305
1524.3162
1235.2106
1334.8374
1137.0198
1168.1681
1044.4255
331.76398
527.8336
494.76044
523.4939
1018.7966
1156.8044
604.1324
764.9968
1173.3593
773.27405
2400.337
550.35504
590.18274
541.1897
1506.8567
1164.0007
844.11
343.42795
1267.1566
732.28467
2078.4146
956.4104
483.48608
1197.7307
810.2767
581.7033
1516.6377
847.15424
718.2831
535.3371
1010.8377
1387.6158
1429.9528
858.96075
511.76532
655.6439
1065.3721
1015.34607
726.11395
391.28357
1995.3162
1020.084
1194.7771
1094.9575
271.02206
989.2272
407.2666
358.55444
1115.4993
557.2008
91.93096
674.1566
1488.6422
559.0741
435.81183
2413.4663
1092.1744
651.792
1856.8455
588.7162
1091.612
1345.5509
1024.1206
249.27534
899.5211
865.26733
855.81085
1202.237
580.20966
669.7252
1616.7902
1044.7004
910.2704
1156.5206
1671.4395
2377.4424
1380.164
1245.6154
1210.5437
959.08405
889.46936
1024.2582
537.0957
407.63812
900.30615
721.18066
212.25443
988.76465
1092.9852
511.37408
1210.1019
1196.4769
833.64886
689.473
436.70926
803.194
819.34546
1144.797
729.90173
1177.4026
944.04724
868.57874
1236.8721
459.44275
1290.5261
1317.8213
421.65338
2248.618
810.933
717.08594
437.54907
1008.5297
777.864
301.9934
544.04724
970.20575
1596.4731
1503.6101
974.7993
2138.9023
600.051
553.5595
1419.2498
2320.8228
370.49734
2058.5427
1918.4071
454.3296
391.12448
1573.609
657.23096
1400.0312
1060.4493
1529.8276
1407.7015
1546.114
1131.9905
975.4149
919.4668
1472.893
500.16718
528.6001
549.13055
1350.7166
525.9276
928.38324
396.1457
723.5897
1014.4564
620.7283
245.31702
1274.3613
1074.002
1051.5214
1531.7678
580.51654
1365.1921
497.0877
628.6503
372.083
687.3829
435.1587
865.67145
503.08047
843.694
1084.9954
1360.0878
871.5399
2152.1157
1144.616
1228.0452
1252.3527
428.0598
337.0283
490.84613
647.655
625.0921
249.40149
1306.1023
1544.357
632.5647
520.409
1229.5432
1460.9347
1171.346
554.1263
1042.9387
475.93945
1547.6445
1163.3237
476.54977
229.32774
1222.5736
453.25385
1505.7858
1238.3833
1424.9977
669.3437
256.50357
862.86304
1095.6793
1273.136
848.9451
535.7666
638.34973
1204.7931
944.61975
1431.6597
1030.1102
426.3095
813.0476
655.7186
785.85986
1083.1769
742.99084
1103.6405
546.51166
507.65164
946.0891
616.1864
1317.5032
770.4158
1589.1902
1391.4227
740.39276
324.5338
1306.7461
423.951
946.00964
438.5432
889.0016
245.53726
778.4707
542.25464
913.1786
697.6801
1444.7627
1590.5815
252.67691
1104.0663
1249.3655
955.4434
529.94794
1034.9219
1518.249
616.5946
443.84485
1013.00903
2239.9373
1890.6941
621.55774
820.6874
651.95215
772.46155
1214.7488
603.15063
1137.4747
1837.8914
1143.6218
1417.9336
498.45892
538.011
892.92096
776.73047
638.3279
1358.4319
377.8375
760.7483
1493.2316
766.08997
429.9845
1480.8044
1489.6082
368.43243
1158.1431
849.2235
1227.1975
394.33746
1415.7325
592.0768
540.56055
1124.3346
998.5734
1008.8678
1300.8673
415.58414
588.99713
1387.9534
1024.4521
1254.1555
529.8435
432.39435
1436.4409
1745.2147
1749.2888
786.35645
127.001114
320.0407
918.7534
444.6629
386.77924
1052.6736
766.95355
484.43744
195.80212
742.10535
591.68823
1291.1312
1099.9785
1212.2219
1266.2015
453.66797
1251.7734
977.74536
1174.0051
1130.5881
1130.1826
1289.3689
721.56665
605.24927
897.2228
321.3471
2011.0435
248.77725
1010.9755
1192.9045
1226.3623
1136.133
1258.2115
1003.66187
963.33887
1328.4752
1098.7144
1078.7095
607.2655
495.5219
1281.9735
527.189
1169.7095
1103.7842
1020.8196
543.375
400.16058
389.20758
1018.76904
645.52576
1276.5376
1232.9923
1880.5183
1022.6913
815.03723
642.0374
580.45856
551.619
1087.0017
1147.6779
915.1688
1839.7072
912.2907
1719.0876
2337.5627
537.31134
419.83206
861.0341
647.9695
683.68005
1044.2786
1468.8793
1288.361
601.0923
860.78845
694.0553
592.72314
1445.5431
1571.5453
1078.1487
1225.721
644.68665
584.67645
342.2531
1329.9587
