1288.6324
1022.9131
902.7241
1193.2346
593.3043
1286.8647
1129.1537
236.83948
1232.2235
720.6946
459.24026
880.5078
365.85138
1379.3395
1267.1892
993.0679
1348.8093
1185.4536
1526.7471
372.20746
2253.0269
1163.2555
366.5437
817.8554
535.15234
423.08307
1437.3711
1325.027
860.4452
1156.7964
542.4712
463.03345
399.4519
458.04926
1377.3877
327.00647
1062.0725
582.2344
2113.4783
504.9689
786.199
1513.4153
597.8789
382.91586
329.72433
447.6869
1176.164
728.95154
561.7218
275.40646
657.92474
1463.8066
939.0305
1317.844
928.6894
796.6957
673.027
1183.7001
484.53162
655.93555
1240.8123
337.9389
302.7165
1136.4105
1486.6741
1145.1477
398.08173
1071.6036
606.7317
1276.3057
1162.9895
768.521
1175.9894
1225.926
914.1284
898.1415
770.098
1094.6499
489.31543
1315.7177
819.66754
1329.399
221.08096
1159.2842
755.4995
1044.0026
877.995
1115.0365
1008.55237
1116.2893
1354.0193
844.3165
1238.6237
2418.8745
692.68634
1319.7556
608.67377
1164.4646
657.48926
699.75586
1449.634
1102.2006
1205.9053
384.2334
1045.5518
1353.3679
833.05164
738.61865
2259.8367
2381.8125
1429.0579
498.69934
795.3942
279.26346
554.7237
398.80823
2305.5305
1087.9843
1342.9707
672.4714
361.84027
750.56464
1204.8386
1363.9438
1337.3168
1048.6278
389.82678
553.64795
2309.0586
855.8495
665.11816
467.92737
1023.46155
2061.5723
1226.2996
189.44112
1148.9663
614.9524
858.9629
1013.9555
1328.9255
1388.9326
478.6066
757.05334
815.0072
512.12787
836.70776
1117.5701
363.7739
1285.8407
2332.7588
919.001
983.97815
408.41443
742.80884
1088.7244
1177.7347
1420.715
901.24194
305.56635
1081.3182
1355.6266
784.6727
1078.5621
1101.5934
845.3887
2389.3042
1478.0944
848.1006
726.09424
854.40906
365.69296
567.4461
552.09454
486.26147
1546.6157
1202.0461
505.75287
1203.1858
805.5523
1496.769
577.3125
2551.8647
403.49594
2315.099
1952.0283
1518.3853
2357.7935
409.23523
1390.7048
852.59607
572.9618
1380.8896
1050.6243
213.80458
355.43378
871.3943
355.33478
699.3149
1523.7446
1015.2212
1161.8894
1195.5009
595.28436
301.40735
778.7894
626.52985
500.99197
386.37677
1073.6497
899.75275
558.39935
422.68988
2246.604
1434.3425
796.2368
409.4853
645.14294
1069.2196
691.54407
2189.9
606.2501
2226.9277
245.18074
1304.3488
1254.4025
2207.3657
1426.7222
522.8843
420.5701
1086.5244
209.08836
572.3534
1183.9126
1183.5332
1101.4939
766.93274
1097.8407
2363.7222
942.1543
1117.5381
193.32088
2550.0342
1123.6542
930.9335
700.63086
1360.0884
1083.8381
921.035
1280.0171
1407.7122
820.87103
752.59973
551.47485
1204.9552
1031.8104
1455.6726
1502.4037
1380.8799
1061.5145
1405.5813
1437.4597
679.5327
409.0737
935
1017.11694
1340.6165
1018.92004
836.22406
845.9175
1099.0475
1613.0331
644.85657
1126.4202
541.99347
1330.2078
543.03314
1291.8104
1127.295
1625.5242
419.7926
1132.7635
1240.3129
501.39508
514.26294
1128.7194
523.3628
233.6225
812.2476
1155.556
1751.1324
1372.6011
1010.7856
1124.9404
361.08472
1197.5637
1275.1669
2262.8171
683.90356
252.9177
1022.52997
1367.7155
266.3713
442.30237
1071.1693
1404.4991
758.71765
424.4724
345.57635
1357.7756
1595.173
671.89294
558.8303
2456.1353
979.14417
966.59283
1162.8568
858.02747
338.2871
344.69547
837.1986
1137.9766
975.2109
934.36993
339.99072
2437.754
597.0541
378.0053
1321.249
905.46857
316.7566
1082.5884
1522.231
430.12265
1175.7515
1084.4885
1601.194
959.2106
968.45856
924.80273
429.86707
1163.1877
1001.59094
353.7511
1111.6118
1326.8351
316.51447
608.6483
665.2563
909.8907
495.98053
598.95166
507.63477
618.02625
143.6467
396.02142
307.2147
745.76807
742.43353
614.33795
695.2075
372.7752
1401.0032
814.2105
264.36316
731.2341
1580.4548
1110.4691
1386.1758
474.39752
302.09094
1063.5737
936.48114
986.8441
1276.8218
1120.793
506.8869
1335.1564
151.91252
386.5522
1732.7996
775.3592
493.4916
207.99088
1431.0486
489.0985
852.8552
1220.2322
857.7683
1074.819
569.81445
523.60205
999.59625
1099.7039
722.41925
1029.7148
1632.811
1072.0591
869.3724
999.7838
623.4419
1504.7327
908.57043
1493.4507
737.095
422.43695
1318.4294
671.80493
952.5125
491.27185
334.77747
988.9132
807.6776
590.73676
1585.3237
386.14856
990.7583
936.3828
450.198
749.52295
779.7904
465.79102
387.00024
809.2
1469.458
220.42899
1016.19604
465.04797
1045.1827
905.96814
819.5276
1060.3845
955.6743
1146.085
1092.952
859.2029
552.6776
716.5148
1520.6648
1768.1918
879.1189
1326.5073
1066.5957
617.5898
538.93604
1370.3129
1391.4113
841.03107
1373.529
1313.391
462.8537
746.5563
1387.1246
529.6032
926.8316
1230.942
1220.2261
630.4871
1226.3427
488.98373
560.5089
1145.9401
622.6154
1204.4697
778.76526
1192.3092
389.85364
979.32574
1138.0535
1183.6003
687.8635
1330.834
1078.671
1416.25
1022.31165
1206.3425
425.75165
674.7819
470.08215
696.22656
448.1805
1274.5758
897.2733
1636.5216
592.0856
573.9044
718.7693
1249.5262
1243.8179
831.52106
2143.8364
588.36865
390.62067
758.12964
1150.0337
1160.9468
813.66785
435.94263
1202.0522
649.3493
601.75183
1264.0447
1288.4932
986.47864
1437.3043
1129.3264
456.71774
456.4821
746.9717
958.4186
1270.0643
1317.5164
492.81726
176.6741
451.15533
352.06592
1002.5416
1478.7662
336.1272
717.73645
819.1832
471.1447
1598.112
855.22546
759.45874
1125.8962
1559.8811
416.5346
1146.7557
1113.4023
1266.6045
620.1311
783.9332
413.92484
323.5327
381.90546
739.1356
1395.8293
562.64954
749.2715
733.3565
643.94403
1039.6759
2182.298
691.10095
1096.7999
939.761
2386.623
496.0746
1463.9438
1447.3701
756.00006
1123.9576
974.4414
971.9959
1287.4827
1058.658
718.3174
2213.955
569.19165
379.47278
1081.9296
567.7327
658.10706
1744.2078
1549.0563
1315.304
303.38037
1099.8177
251.42215
765.2549
1029.781
1207.29
663.2007
756.85
884.8274
383.53165
325.7055
1191.9984
729.9938
429.32056
1457.6738
1071.8374
1427.4573
889.3362
676.8825
155.33769
632.3926
1508.2646
322.40054
366.34793
494.73624
572.87134
977.6848
1054.9839
683.69165
1293.9083
1164.774
153.5775
1000.5384
553.055
1134.4965
634.26636
1242.1128
1089.4803
1343.7063
1141.7112
452.5894
794.7444
710.70056
1300.7415
1333.5137
379.1014
1727.6061
346.83136
571.8412
1189.986
901.7095
206.84908
808.7771
667.833
1300.6913
533.6429
688.1784
1538.49
1210.2836
201.63103
1210.915
827.95935
1277.2261
518.4134
1043.9347
1283.2283
1276.9316
341.36224
1114.487
1658.3403
565.01953
1191.3645
667.0305
732.64655
765.43115
686.6293
1377.2198
1149.3359
2390.5383
924.75757
1971.3329
1219.334
729.6832
1590.4988
1110.5021
2099.8027
595.3561
1131.7009
1186.9333
759.38367
607.1885
647.4811
1487.4636
802.8983
1120.6941
463.78442
509.34576
1556.7384
494.97522
274.69214
892.8379
392.89084
1170.4048
183.99844
982.74756
865.8335
694.3554
663.7505
261.4202
559.58704
277.05017
1025.3805
664.4256
1028.3185
455.0178
636.49304
1652.6642
1183.5908
1200.2449
575.8202
1101.114
1230.7133
1040.3517
329.24463
1106.3859
328.36722
379.62244
1043.609
1432.5742
2265.3467
1490.0383
476.57507
308.24435
915.7718
736.6781
926.3795
435.35187
302.6781
769.00415
329.77155
1104.3856
1232.0508
1163.5991
1147.2648
465.18546
831.3066
1287.4526
1587.3127
2151.9302
797.89233
605.9237
1034.5787
701.77295
779.30457
448.30707
784.9181
1003.049
788.965
1045.9087
1550.2402
656.544
574.5301
408.56143
1310.2375
538.7123
502.95212
1005.85925
946.9531
886.07227
1263.2241
1101.684
1465.0648
1001.62476
980.7317
619.4204
574.7813
597.98083
1611.1152
634.1621
1525.6573
1223.5238
1849.2181
441.70276
533.33997
936.7988
438.30292
1654.1104
567.6754
612.19934
1015.41364
1213.2535
637.2162
966.7357
1489.9437
720.3618
950.3015
1832.6249
693.3721
1182.7157
224.84799
1118.9915
470.23447
1458.6614
547.4504
674.92065
1394.2928
889.3679
1477.9276
1099.0774
1101.2356
954.8791
655.9055
1191.9956
463.55908
1467.0197
1045.6504
932.32227
340.9055
1007.4963
543.2165
464.74573
851.34576
843.4413
263.6579
1250.5964
1055.2891
1100.6118
399.94647
600.8303
590.93005
483.79297
966.8416
743.71063
1223.4672
390.06107
1546.8998
240.40236
792.31433
744.07263
610.7294
179.11548
755.0348
708.7241
684.2902
276.69193
642.77515
786.7725
433.7105
276.95697
348.20337
741.5115
1056.288
837.8264
984.7697
1382.7849
1363.4432
731.4551
900.08954
1386.8716
1111.0764
906.5314
606.47327
986.74695
1329.4788
307.24234
602.8104
467.01678
2290.7207
1060.1218
1639.4929
658.05475
449.43008
1126.2523
1157.123
654.63684
1057.3096
1117.6438
417.7951
843.89954
584.1656
633.7669
323.84546
429.97397
783.6073
1434.7471
1106.4406
289.5434
608.3278
1264.1106
1178.7312
486.99384
394.3848
839.97705
582.40015
604.3954
1122.2836
1183.8639
162.32309
1202.7328
953.7436
1472.3464
1016.17444
791.9699
1532.4271
1245.3472
1335.3564
678.253
838.72217
764.8325
768.4685
1221.6548
1400.1412
1187.8212
1335.6519
1113.6338
1088.9187
528.92633
456.67413
1499.6799
389.64166
750.313
657.4833
1210.0808
204.8745
691.50134
1738.5841
1340.5743
1195.8856
344.9892
1219.5432
475.6039
385.5741
1241.4034
1774.8566
685.63196
994.16974
977.7596
2011.2761
1046.1018
1371.0436
659.7086
1304.7593
1432.2769
1231.3179
1251.6042
569.7284
1230.2301
1219.102
1271.926
1066.0627
1059.623
1157.8113
858.47186
641.77026
451.1443
650.2135
826.81604
868.479
1321.6079
672.7201
1154.1938
1014.21
1125.522
580.5464
705.6884
757.2421
514.59283
2305.3
545.81305
1661.9813
2290.5876
689.0954
664.66174
2164.3394
1016.5276
766.24677
1988.5763
485.34592
859.5064
1066.821
863.14355
234.3423
493.97284
1152.18
2442.3042
462.83575
511.57065
1438.1992
1543.658
634.2655
341.04785
1430.7795
1283.9084
934.5823
1142.176
1248.5343
1447.4976
1151.8384
357.70557
1044.8154
1221.3755
235.1747
359.81122
337.94098
1459.4644
498.52765
969.35187
1000.36646
426.16235
1532.0059
406.017
710.14764
1013.6801
1211.2711
1287.5575
1211.6757
795.686
476.4486
722.4643
1433.9615
539.4235
468.33502
491.67908
1207.1268
492.15833
1259.0568
804.8329
1072.7161
1227.5955
513.6041
1502.0999
545.3756
320.34427
1248.0575
346.96155
1496.934
801.13745
1458.7144
363.4965
1058.925
1211.2266
1021.1588
602.93713
1469.4844
1138.2318
1460.4468
1352.8087
1281.7725
351.23746
2201.956
475.40033
474.49237
1221.7319
836.1727
1121.1909
1682.6384
1068.3411
1403.3147
2138.948
1409.8662
611.4905
1379.008
902.515
462.22034
353.1501
839.73755
833.86334
1506.1641
1038.1729
534.73584
862.9541
587.187
1149.5352
1113.7974
1035.7623
503.78174
411.4787
1048.2543
797.58093
435.77036
1318.2036
736.0498
422.7181
1316.0828
962.04803
848.3655
443.91324
855.5413
642.23737
441.06335
817.49084
935.15356
753.71893
2378.207
820.72644
979.93396
1330.0659
1082.4963
537.91486
1160.2819
1099.618
1273.9955
895.3597
330.01697
330.913
1593.7607
1378.4481
1043.6195
938.2968
787.2686
1040.2423
1226.4043
1196.0574
1180.7627
1447.5555
515.109
1196.3741
271.71713
831.5655
289.96756
472.96472
648.2976
1245.6914
1208.3168
1429.121
1148.008
1343.025
389.53787
691.49304
864.88794
1164.7173
478.34387
1001.64777
949.2055
484.39807
1254.5334
1250.73
2287.824
500.10968
956.15564
373.25266
1291.5984
1201.9845
1169.1079
1519.5095
2260.0422
1441.9185
405.79156
1415.3314
523.40515
879.44995
471.4133
759.98193
1208.6165
773.9287
550.60077
893.62164
430.07172
1273.1366
2293.7114
858.90674
2277.9136
1350.1016
1376.1147
553.46484
1375.7046
567.3655
479.3727
1308.2172
794.1603
529.63416
282.8086
1238.8323
773.51416
619.0309
926.5371
258.34778
457.45782
1108.5514
306.48126
833.0039
1056.869
1475.1464
978.3624
725.2866
323.3521
1342.7881
1935.8245
580.6047
1059.571
1431.3555
393.30435
846.3645
196.48932
310.16937
971.2479
867.33374
1810.3441
1821.721
1331.4822
588.0863
331.55005
613.6944
868.90857
1055.7539
473.24048
389.08243
347.4512
1035.6309
543.9929
1167.203
1444.1704
708.9064
663.39844
791.4492
1093.7405
404.9996
668.9856
949.70776
1508.9102
304.23157
1475.6733
1290.1536
1361.6091
531.7845
1258.7373
1265.06
1206.9948
94.48733
729.6228
465.74554
675.9147
544.66583
1066.1069
1371.3065
1539.1792
510.15402
736.2394
836.32355
507.33673
2498.3555
563.37976
644.82886
629.8331
876.83386
402.69708
709.155
701.5985
834.0444
563.12103
1049.8448
249.94337
824.1774
998.12787
483.42032
420.40112
1086.7563
710.59766
1145.4951
1554.0938
1803.5743
532.74316
555.3025
917.28577
720.7582
867.6959
1184.006
2093.7644
1794.4093
2398.9583
646.12476
909.5747
1032.2068
903.2915
438.76318
965.5587
624.63196
823.265
587.02673
663.1018
310.6346
911.9218
524.53314
1275.3551
972.9677
1495.9199
299.97177
939.1741
696.4831
757.9955
1127.2957
1246.5048
1444.0936
1195.2957
1028.349
1198.6417
1428.6826
1134.9348
1186.6464
864.05505
1103.4622
1088.4719
790.51843
384.70636
1245.1262
737.21423
618.66266
1023.6837
1262.5698
350.8284
591.78723
1433.8242
449.76746
1487.3794
503.14377
1616.6035
960.98145
1304.0948
2215.8926
515.6047
1603.5627
815.83044
1650.7904
2077.8235
1215.1104
941.5665
482.51062
472.75256
1260.5454
360.23615
2283.627
483.86182
587.16437
834.5093
958.8324
612.8536
529.93506
368.17645
1265.7871
1205.2281
383.93353
1588.529
1323.1884
107.36113
598.9496
1013.2792
2466.6138
299.0225
824.7046
1481.2172
542.7245
1226.7699
1262.9478
2343.0835
2296.5361
1233.2249
667.8749
707.4281
1415.4174
566.017
1168.5522
1066.5513
1303.6588
527.91364
1144.7537
1501.1842
949.02094
1150.2959
474.8244
405.98087
716.824
1004.0664
252.63057
1486.9313
877.6125
735.4169
701.2748
1589.2683
702.34937
242.89679
679.38605
155.8482
463.95044
335.62634
1024.3489
997.56165
379.92468
716.0144
1017.52246
362.19867
1477.5195
559.177
884.31055
883.30347
694.5851
325.5091
1195.9161
1070.5859
463.51913
745.89453
695.2853
1124.091
918.34155
1333.5562
812.615
1190.2815
327.1305
972.73206
991.70435
216.36984
830.4745
609.63165
444.66678
1472.7554
1430.3152
418.15717
1230.9314
1285.5681
845.47314
957.2756
1062.913
584.4557
558.00323
442.38596
1382.4988
763.5633
671.56256
639.6649
1521.6672
630.54175
522.8113
926.29443
986.0787
280.4769
1089.2068
1250.0548
1049.7853
1586.4739
1362.8434
1510.9645
318.09406
1086.5261
384.39554
463.30936
1223.3168
1348.7351
675.9501
643.37695
489.23532
1756.8894
950.6367
591.69666
491.3062
940.24603
1385.8035
718.876
1147.6443
407.57654
635.3523
402.19687
302.3901
731.408
1437.9825
395.6278
393.08713
1237.9961
599.9237
427.4623
651.36255
677.4313
1026.4261
1075.6475
1143.2632
2155.8962
421.97754
1589.3376
947.6189
472.9009
1214.3579
1194.1417
697.3334
355.8028
1218.8777
1162.8278
1108.3489
545.0852
468.62686
329.4098
949.26215
451.74402
1216.9137
475.8589
791.4501
769.8536
1617.3981
1069.398
486.9665
1038.7665
1550.9519
1481.5022
1908.3715
1585.4989
1197.269
998.9091
161.95218
1433.1482
352.03625
1174.0359
1321.2986
646.8789
910.38776
726.35815
535.0678
1036.6969
2082.975
389.33722
627.5192
1151.4238
1027.6152
1632.7296
1310.8834
749.95874
878.0861
271.82983
467.2943
1190.9895
863.18036
971.13104
1210.333
1738.5931
1141.916
320.7271
238.87637
1319.8208
851.79114
598.60144
1235.3243
302.22784
816.334
1360.4482
763.65936
377.61084
1349.147
453.37085
1001.97424
1014.6622
1303.5837
1088.7468
719.0425
898.2626
1643.0902
1089.0916
901.15594
2366.2412
262.32233
581.8012
425.0553
694.0407
2212.5254
1071.9087
1288.9313
1303.5836
1575.9585
1866.4924
701.2684
1250.6506
1367.4912
884.82166
1127.4642
292.78604
220.11438
709.223
1195.3297
2287.338
1069.1863
2257.9429
703.42065
1102.1871
1406.6459
1541.6125
515.77344
1132.3257
980.27875
1001.6401
1169.9941
202.3612
344.17078
986.968
868.4413
546.8405
678.595
1108.704
1645.3174
1015.10913
657.36475
1167.0916
250.51277
1207.485
725.60077
1447.2402
279.15845
1178.1577
508.28143
469.88034
514.8784
1244.378
597.0102
1167.3374
1009.03125
1311.6324
1115.1965
1624.9406
797.3101
560.9383
686.9956
1599.935
789.21326
1087.9496
270.6689
137.48138
1153.5778
1117.1956
590.0979
606.9672
928.9845
1331.7546
262.0162
756.48505
610.086
616.26025
956.86816
517.64777
1019.5974
1685.9935
1286.4741
423.61963
393.1565
628.0891
1274.2872
1299.5647
301.39154
1525.2158
1236.1494
1334.7515
1138.1733
1168.8463
1044.21
332.39874
527.99243
495.94678
524.6718
1019.07196
1158.0103
605.21075
765.796
1173.8794
774.2857
2401.3945
551.173
591.3084
542.295
1505.889
1164.0946
844.61707
344.1212
1267.4534
732.99023
2079.2625
956.7715
484.1282
1197.7118
810.62756
582.37683
1518.1023
847.41986
718.4574
536.4306
1010.98584
1388.3865
1430.8901
860.0399
512.3227
656.33264
1065.5483
1016.2384
727.39355
392.32562
1994.9022
1021.4662
1194.71
1096.0098
271.95343
989.1093
408.69577
359.0808
1116.05
557.27966
93.08831
674.3006
1488.8516
559.2365
436.8744
2414.6123
1092.6809
652.43097
1857.3479
589.49176
1091.6755
1346.6443
1024.692
249.61023
900.3246
865.6202
856.5333
1202.3917
580.52527
670.3171
1618.2319
1046.2965
911.08545
1157.5729
1672.6703
2377.425
1380.9258
1245.644
1210.6118
960.2897
890.7401
1024.4458
537.91003
408.30212
901.29944
722.0348
213.0752
988.90845
1093.5044
512.1238
1210.6917
1196.895
834.88434
690.6516
437.48087
803.30005
820.6458
1144.7139
730.8251
1178.7004
944.86926
868.65704
1236.9119
460.4468
1290.8746
1318.6198
422.6078
2247.2358
811.5011
718.1371
438.44843
1008.78357
778.0166
302.19055
544.78955
970.429
1597.5706
1504.6113
976.0114
2139.7717
600.7556
554.3003
1419.52
2321.1624
371.07056
2058.5688
1919.2397
455.0152
391.9228
1573.9426
657.2863
1401.0183
1061.1818
1529.9069
1408.0249
1547.6846
1132.2417
976.0833
919.73315
1473.1163
500.2914
529.11005
550.15765
1351.022
526.6093
929.6289
397.27582
724.48914
1015.3148
620.9378
246.14276
1275.4216
1073.905
1051.8357
1531.9823
581.5911
1365.1998
497.901
630.18176
373.66995
689.0956
435.81744
866.7808
503.83752
843.92505
1084.9829
1360.8735
872.41205
2152.2673
1144.9304
1228.2529
1252.6316
428.67804
337.84845
491.49103
647.81964
626.0178
250.4185
1306.1746
1545.3594
633.1129
521.2146
1229.5576
1461.3826
1171.4985
555.456
1042.9766
476.60663
1547.9185
1163.2114
477.17017
230.4346
1222.6663
453.25977
1505.2366
1238.6143
1425.0614
670.74194
256.78775
863.3046
1095.5214
1274.4304
849.86743
536.8569
639.85614
1204.6309
944.5846
1432.6526
1030.5583
426.98077
813.4244
655.9154
786.135
1084.1777
744.0114
1103.9529
546.5557
508.13165
947.3439
616.68933
1318.417
771.48505
1589.824
1392.3174
740.97314
325.77133
1307.0396
424.3285
946.8966
438.85114
890.0609
246.1225
779.6484
543.79877
914.176
698.0742
1445.2571
1591.8918
253.04195
1104.401
1249.4238
956.6244
530.63684
1034.9874
1518.6997
617.0563
443.96637
1013.78186
2239.8208
1890.5693
622.44604
822.0676
652.80347
773.9082
1215.789
603.3917
1137.5994
1838.9661
1144.2109
1417.9296
499.8507
538.572
893.7006
777.681
638.8394
1358.7136
378.66608
761.4667
1493.345
767.3524
430.66846
1480.8977
1490.5984
369.4989
1157.9158
849.9491
1228.1423
394.7893
1416.202
592.42035
541.75507
1124.9199
998.65356
1009.21936
1301.8997
416.74313
590.04333
1388.5796
1025.6304
1255.4175
530.49536
433.43677
1436.6943
1745.4956
1749.3596
787.5217
128.32874
320.68314
918.9337
445.22586
387.60306
1053.8137
768.06177
485.70435
196.51129
742.7374
592.2616
1291.1578
1101.082
1212.7107
1266.6967
454.1948
1251.8544
978.8587
1173.9376
1131.2937
1130.1252
1289.8826
721.91815
605.8283
897.4601
322.45865
2011.2686
249.28036
1011.5471
1192.9644
1226.2368
1136.03
1258.3519
1004.73315
964.2417
1328.3749
1100.0371
1079.4924
607.7505
495.91974
1283.4121
528.1075
1170.761
1104.8419
1021.9884
543.98816
400.59753
390.2577
1018.9822
646.49115
1276.2527
1233.3315
1880.9294
1023.7168
816.1294
642.4795
580.53644
552.1059
1087.2401
1147.9785
915.4328
1840.1252
912.809
1720.4146
2337.6997
537.8756
421.34943
861.3737
648.8446
684.17676
1044.9253
1470.1211
1288.5886
601.405
860.87354
694.3767
593.9414
1445.5894
1572.533
1078.9862
1226.1262
645.92645
586.01807
343.3622
1330.1775
