1286.8127
1021.2307
901.96497
1193.5667
592.3766
1284.1151
1129.1808
234.71362
1230.5276
716.1669
456.06335
877.7069
364.2787
1379.3107
1265.0015
992.69617
1348.5392
1182.267
1524.5254
370.06445
2251.2686
1160.4503
362.51495
815.6395
533.6909
421.72028
1437.2325
1324.3213
858.2495
1154.0643
540.80804
461.98373
397.17908
457.67465
1374.4863
323.8313
1059.5796
581.8797
2113.492
501.9893
781.81433
1513.6829
594.7225
380.4927
327.12125
443.70883
1174.6177
728.36456
560.9792
274.20776
654.58594
1462.1206
936.65686
1315.0186
927.031
793.8658
670.4413
1183.0796
482.39142
652.169
1237.4297
336.21335
301.78665
1134.8782
1485.1438
1144.6731
395.94485
1069.0938
603.22253
1275.4023
1162.7908
765.3158
1174.6776
1223.1478
912.4853
897.18414
767.90186
1094.0135
488.28073
1313.2327
815.20496
1325.0789
218.65718
1158.464
752.855
1040.7645
874.2741
1114.6996
1005.7771
1113.7769
1353.7542
843.2168
1237.5791
2419.6858
688.37646
1317.4453
607.62695
1163.017
656.2034
697.3772
1449.0768
1100.7826
1204.4397
380.59973
1044.0706
1350.9788
830.4283
736.5128
2258.1318
2380.916
1427.8878
497.3845
793.32416
278.0723
554.1272
395.0376
2303.6987
1086.3577
1340.4099
670.9756
359.69464
749.749
1204.8864
1363.2902
1337.3635
1046.0294
386.98795
552.3231
2308.6267
853.90564
661.37445
466.43304
1019.5564
2061.168
1224.3623
186.86584
1145.582
614.91223
858.5906
1010.6779
1328.6383
1387.0659
476.25116
754.56555
812.69037
509.9962
833.56726
1115.9534
363.12128
1285.4287
2334.3071
916.4757
982.3712
405.9649
742.0275
1087.1853
1174.5906
1420.8142
898.73816
304.10437
1079.2542
1354.6111
781.60913
1077.3529
1098.4252
842.25134
2387.555
1476.9623
845.2021
724.5633
852.0178
363.6447
563.82367
549.00104
485.2672
1544.2444
1203.0562
502.97775
1199.4922
803.21204
1494.6123
575.9818
2551.2693
400.04965
2326.39
1950.7603
1516.4126
2357.4592
407.3044
1388.7103
850.67377
570.62775
1380.4729
1048.6361
211.34103
352.9011
868.09424
352.0655
696.7677
1521.0586
1014.6792
1162.1604
1193.226
593.3116
298.91998
776.4513
625.7953
498.0355
383.19177
1073.1692
898.9744
556.5644
421.84937
2246.947
1433.4688
793.6971
407.72238
643.0523
1065.563
690.03674
2186.7205
604.04877
2225.3413
243.51782
1301.5076
1254.767
2204.7417
1425.2563
519.8906
417.39703
1082.6394
206.97586
571.12354
1179.7123
1182.8167
1100.8541
764.023
1095.5184
2362.1155
939.3352
1114.4938
190.9362
2549.5093
1123.1562
927.846
699.7728
1360.279
1082.7966
920.87994
1279.1272
1407.4092
818.76263
749.28906
550.8826
1203.6385
1027.8044
1454.0336
1502.7029
1380.2563
1058.8109
1404.4625
1437.2241
675.80725
408.61166
932.6504
1015.5042
1339.9802
1018.1791
834.2298
843.42236
1094.1938
1609.5588
641.8508
1124.7656
540.03235
1329.255
541.08704
1291.0442
1125.8138
1624.1749
417.03552
1131.776
1240.4805
499.0365
513.1863
1127.3833
518.43054
231.58109
812.2033
1154.8442
1747.639
1371.3783
1008.6453
1124.5691
359.1552
1195.4995
1274.4047
2263.0078
682.275
248.70999
1021.2676
1367.1057
262.4964
439.43384
1071.439
1402.2678
755.2013
423.42896
341.8658
1355.7705
1594.5912
668.3168
557.95807
2455.7297
976.0007
965.93286
1161.7009
857.46313
333.8764
339.32928
835.5172
1133.6827
972.81366
932.94714
338.04865
2436.6287
594.94006
371.82
1318.372
904.7606
314.69672
1079.905
1522.5764
429.2796
1174.544
1083.2009
1597.5732
955.1748
968.37634
922.56146
427.91504
1163.0139
1001.3944
351.0336
1109.9745
1326.3134
313.73364
607.23096
663.24695
908.1782
492.71448
597.8324
505.01892
616.3028
140.72562
395.0739
304.80444
744.7019
740.297
612.21277
693.70166
371.0957
1400.1573
813.0564
261.30603
727.91846
1578.8679
1109.8065
1385.4058
472.51196
297.9475
1062.6713
934.59186
986.3545
1277.6606
1119.0986
506.09537
1331.3384
147.60901
382.33667
1732.6332
772.2073
490.644
203.86932
1429.8362
486.2886
849.5334
1220.5225
857.10944
1071.9233
567.80994
521.3064
997.7566
1099.4414
719.1486
1027.4797
1629.6749
1071.364
866.8967
998.0401
619.91833
1504.3179
908.03906
1493.4923
734.0548
419.25714
1315.876
670.521
948.6493
487.32425
332.98343
986.93317
805.13464
588.99963
1590.7384
384.7188
989.923
935.10144
447.61646
746.15295
777.4166
462.8861
382.72504
805.71045
1467.5806
216.89764
1016.3705
461.81323
1042.3405
904.11194
819.19977
1058.3861
953.44275
1144.0532
1092.1807
858.66504
551.3545
714.2726
1520.2572
1767.2188
876.9226
1325.5713
1063.5608
615.1756
537.18945
1366.8657
1390.713
839.35345
1373.7888
1311.1729
460.22687
741.1062
1384.0553
527.3907
924.29816
1227.9116
1220.1189
627.74805
1224.1602
487.8398
555.5716
1145.8414
617.5558
1203.7915
777.3858
1192.6952
388.18192
977.5213
1137.2393
1184.3928
685.46436
1329.4801
1077.167
1412.1946
1021.9026
1203.6476
422.97656
673.03906
467.5938
693.4562
447.1814
1270.648
894.04987
1635.8177
587.1479
572.42395
718.2804
1248.5814
1243.9663
828.6842
2143.577
587.76746
387.1492
756.9596
1149.6467
1156.374
811.8081
435.0219
1200.289
644.69464
600.5414
1259.6365
1287.7172
985.52295
1436.0815
1127.023
455.40253
454.54816
744.3762
958.57495
1268.6826
1315.6016
491.60522
174.43767
447.62573
351.55856
1002.1798
1478.0497
331.4199
716.65234
816.3457
470.4331
1597.5494
852.4934
757.56006
1123.1093
1557.3839
414.87744
1146.366
1109.8201
1266.9534
618.98596
779.26935
410.39813
320.9198
380.6196
736.16614
1392.6176
559.23566
747.96936
731.8885
641.50867
1040.0033
2182.453
687.45435
1096.4028
937.6113
2393.7627
492.43054
1460.9779
1446.4553
755.33167
1124.4851
973.3634
970.1488
1283.9261
1057.8176
716.7796
2213.1338
568.0959
377.3537
1079.9944
565.797
656.60754
1739.6589
1546.6394
1313.3562
300.27158
1097.8842
248.29556
763.1161
1030.1599
1204.677
661.7076
754.49963
881.39124
382.25574
323.27753
1190.2345
729.1371
427.05713
1455.8699
1071.8861
1426.6124
887.5983
676.2429
151.85999
629.6278
1508.2
321.08148
363.0064
491.50616
571.09937
977.38574
1055.0654
681.6482
1290.3318
1162.9031
149.95349
998.59015
550.66205
1130.4426
631.2977
1240.8066
1088.007
1343.055
1140.8567
449.4581
791.3906
708.21387
1300.8081
1331.9016
376.90173
1723.5852
343.45746
570.04956
1189.93
900.1534
204.63644
806.45105
667.1538
1299.4572
530.7012
685.97595
1537.3406
1210.1526
198.8018
1210.1693
826.1653
1277.6947
516.8482
1040.5529
1281.8647
1277.1613
338.15182
1112.2485
1658.0833
563.0369
1190.2577
665.048
730.26117
763.4709
685.0383
1376.5801
1146.5083
2388.2886
923.95917
1971.8374
1217.9169
728.43134
1585.9052
1109.8597
2097.0288
593.2367
1131.5984
1185.5903
758.8271
606.2499
645.1299
1485.3096
802.1305
1120.5574
461.5917
507.33112
1557.2314
493.681
273.76425
891.03424
391.5764
1167.6129
179.83603
979.0244
862.26904
691.0476
661.28613
258.1011
556.4229
273.72058
1025.178
663.1393
1025.7217
451.11798
633.8815
1648.772
1180.5059
1198.3901
572.05646
1100.1504
1230.1776
1039.0872
326.6264
1102.6371
325.48868
379.07516
1042.3835
1432.0739
2263.8748
1487.133
474.7099
306.85522
915.5575
734.34283
923.2933
434.97528
299.75897
765.8304
327.4005
1103.9233
1231.4962
1162.6772
1146.8934
462.8453
829.9024
1286.1067
1586.4431
2152.8284
797.1903
602.9501
1034.8196
698.48694
775.3845
447.11978
782.7307
1001.36273
786.5857
1045.7755
1550.1171
654.3074
571.61743
405.56656
1308.8518
536.7396
500.41858
1002.50726
944.29333
883.5764
1261.4696
1101.2461
1462.1111
999.02673
980.09845
619.2449
572.024
595.93335
1605.1849
632.09375
1523.6615
1223.5281
1843.9877
440.4894
530.2828
934.3899
437.593
1653.7736
565.7483
610.89386
1013.55835
1212.5935
636.02765
964.982
1489.8386
718.5953
947.7166
1829.3007
691.668
1182.5596
221.76428
1116.2861
467.3429
1458.3052
544.0751
674.41113
1393.4362
888.41406
1476.7378
1096.9626
1100.2476
951.9092
653.6128
1191.6371
461.53262
1465.3641
1042.9128
929.9603
340.59363
1005.6869
539.865
463.508
846.3095
842.9005
259.6929
1249.0715
1055.7874
1096.9904
397.52423
598.71234
588.8017
480.09174
965.2722
741.54114
1220.8215
387.34702
1545.3885
239.26599
791.41895
741.60864
608.64746
176.22797
753.8186
704.8095
681.9044
274.09937
640.4738
785.7996
430.9268
274.0662
345.05994
739.82837
1053.9846
836.24426
981.80994
1380.9203
1362.4783
728.84094
899.49585
1386.4186
1107.4028
904.00226
604.7068
985.30054
1329.0852
305.83374
599.19073
464.58478
2290.1528
1059.4868
1638.1498
653.8715
446.94348
1125.0398
1156.4371
652.3013
1056.5002
1113.9287
414.9946
841.96936
581.7463
631.1274
321.67715
426.99744
781.55835
1434.6283
1102.6232
286.41055
607.95215
1259.8542
1177.6505
483.34305
391.68552
839.0585
580.38806
601.4783
1121.7705
1183.5294
159.36942
1201.6062
949.7023
1472.0217
1013.73816
789.4132
1531.2495
1245.6597
1333.637
676.2876
837.1332
761.39307
765.4573
1222.0222
1396.6133
1187.0613
1333.9747
1111.2677
1089.0853
525.9773
454.43588
1497.4314
387.7403
749.5585
656.5884
1209.7622
201.83931
688.16077
1734.4067
1340.4979
1195.1011
341.6651
1219.8502
475.05475
383.10678
1237.5515
1772.6956
686.143
991.7002
976.2565
2010.6233
1044.1682
1370.7439
656.7346
1302.1702
1436.6726
1231.2601
1251.2003
566.7583
1229.681
1214.7803
1271.3286
1064.7437
1058.3086
1158.3494
856.45166
640.4726
448.65344
649.4705
825.3491
866.20013
1319.53
670.3388
1153.7983
1010.5774
1123.0692
578.06995
705.2267
754.48816
511.00858
2304.8352
541.90015
1661.2899
2288.7927
688.0534
661.05035
2163.484
1014.0817
765.8505
1989.9246
483.53308
857.8071
1065.1965
860.33105
232.59741
492.89587
1150.6064
2442.001
461.38013
508.75665
1438.3468
1542.7593
633.0812
339.85742
1430.2683
1284.1052
932.7534
1140.1302
1247.5768
1447.0854
1151.521
357.16852
1043.0901
1220.1631
232.27438
358.5326
336.8284
1459.216
494.8938
966.92993
999.9331
421.61407
1530.3114
403.19897
706.7767
1009.78503
1211.3229
1285.3768
1207.9799
793.99756
474.1477
719.2081
1434.1416
539.04016
467.15674
489.0144
1203.2573
490.1623
1257.6458
802.1864
1072.9055
1227.2524
510.45453
1499.7339
543.8888
316.48447
1247.029
345.33875
1496.2224
797.4322
1456.3787
361.4872
1058.8479
1211.1569
1019.443
601.7257
1466.2874
1138.0728
1459.2317
1350.7224
1279.8552
349.47787
2201.921
475.04077
472.86304
1219.373
832.7906
1119.031
1682.1172
1067.7059
1402.4569
2138.3604
1408.9668
609.349
1378.9668
898.6356
458.5079
351.21957
837.03864
829.7696
1504.7976
1035.8949
534.11957
859.2557
586.1383
1148.2346
1114.0696
1035.5215
501.59827
409.86642
1046.3564
794.577
433.9281
1317.9846
731.29663
420.85657
1314.9955
959.3828
846.34485
440.55475
853.11725
640.0338
437.1048
815.45624
934.5602
751.53284
2379.9685
819.7881
977.4213
1327.3387
1082.6243
536.65204
1158.413
1099.3367
1274.6688
892.9237
328.62964
327.73376
1594.2832
1374.7008
1042.7356
934.9049
783.69434
1036.895
1226.4519
1193.3513
1180.3127
1445.0188
514.08734
1194.8169
269.45258
828.63104
287.59558
471.50153
644.7794
1244.856
1208.4548
1428.0857
1148.2095
1340.9209
386.62155
689.3307
864.94104
1164.7261
474.73334
998.33057
948.10657
481.35123
1253.0674
1248.9476
2284.0981
498.75626
953.4007
372.41306
1291.1882
1199.8671
1167.7122
1519.748
2259.3357
1440.0383
404.50342
1415.6777
522.3724
878.30554
469.5899
755.5564
1208.1016
770.73615
548.6429
889.963
429.61816
1273.0176
2290.3474
857.5681
2277.3381
1349.5293
1375.731
549.111
1372.5385
566.678
476.8006
1307.9036
793.7709
528.7399
281.68204
1235.641
771.72705
615.2713
925.4752
255.64388
455.25348
1109.2206
303.5652
829.14294
1056.1936
1472.2297
974.6867
724.0029
319.93265
1342.896
1936.325
578.7882
1056.8447
1430.0161
389.1212
845.0519
193.82457
306.7575
970.9807
864.2577
1808.6565
1821.4634
1331.7002
585.31714
329.00275
612.00134
866.09686
1054.2244
471.14148
387.3274
345.33942
1033.8652
541.67523
1166.85
1444.3641
706.38873
661.02563
790.7809
1093.1039
403.86438
666.60547
948.11646
1506.5654
302.76025
1476.1853
1287.9011
1360.0983
529.96576
1258.1715
1264.912
1204.1338
92.40343
727.0101
462.35043
672.2088
543.7734
1065.2894
1368.7339
1537.0161
507.92413
735.03156
835.3113
505.2094
2496.2773
562.33856
642.44543
627.5205
875.7837
400.05612
706.8745
700.1155
831.8823
559.3557
1047.7662
247.23262
820.844
997.246
480.61176
416.69717
1084.1766
708.02026
1145.357
1551.035
1798.3896
530.921
551.9042
916.58466
719.60583
864.4159
1182.6483
2095.941
1791.7512
2396.5156
645.3026
907.5019
1030.92
900.69275
434.82486
963.75323
623.74524
820.4497
585.4437
661.3967
306.6893
909.2984
520.1752
1274.7168
972.19763
1495.8018
297.60205
938.0321
696.30975
757.07214
1125.3564
1245.143
1444.9434
1193.8765
1025.8787
1195.928
1427.2874
1131.7559
1186.7932
863.8224
1102.7218
1087.5219
790.7255
382.42584
1243.8071
735.2074
615.81793
1022.4972
1262.511
347.75186
588.73706
1434.0859
445.7695
1486.8564
500.0711
1616.2773
958.0861
1303.7659
2215.2915
513.22095
1601.4867
813.53235
1646.6956
2077.5396
1213.6223
938.43726
480.52625
472.54825
1259.4995
359.51166
2282.6675
482.49756
583.07404
833.8332
957.4241
610.84924
529.4358
365.9926
1264.7825
1203.8718
383.037
1587.48
1320.3895
104.52243
597.0752
1012.2565
2464.6733
295.513
821.7739
1478.7312
541.3085
1225.5922
1260.3273
2340.3896
2294.8167
1232.7292
665.2827
705.8668
1418.5664
563.66925
1167.6024
1065.9677
1303.5802
526.521
1145.1392
1500.0654
947.9828
1148.8801
471.48645
402.30328
713.4668
1002.7367
250.55925
1486.425
874.00305
732.94763
700.5354
1585.6953
701.5491
240.26404
676.4181
153.44528
462.005
332.29214
1022.4167
997.2372
377.62836
714.97406
1016.7759
359.5479
1476.9226
557.42523
883.0973
880.9396
691.6792
321.53036
1193.3849
1070.3756
461.37534
743.3744
693.06934
1122.6715
914.8329
1332.259
810.9678
1189.5702
325.00977
970.7991
989.1349
213.55688
829.51733
608.4381
442.65454
1472.5754
1428.2554
414.77603
1230.7417
1283.4464
844.5225
953.6596
1064.1885
581.35956
556.7774
439.38757
1382.9097
761.84814
671.2423
637.60474
1521.646
629.9492
521.8738
923.3809
986.56866
276.9702
1086.8013
1247.9486
1049.7859
1584.3124
1360.5538
1511.0435
316.13733
1083.189
381.61444
460.3773
1224.2617
1346.3933
671.0038
640.44604
486.73056
1756.1987
948.1175
589.30005
490.45444
937.3998
1384.8698
718.3192
1147.8667
406.06342
631.0692
400.9698
300.3391
729.48206
1436.8159
392.55038
388.26483
1237.0471
599.0687
425.1592
649.78345
675.96277
1024.9037
1076.8184
1143.4305
2162.435
419.69766
1589.8146
945.5636
472.19275
1214.2867
1193.7217
692.71155
352.922
1214.8302
1161.3981
1107.0903
542.0939
466.49927
327.97696
947.85913
448.16058
1216.4059
473.02075
789.2766
767.02673
1616.354
1069.0411
483.84296
1038.232
1547.2325
1481.5273
1905.4719
1582.7783
1194.4905
998.5415
159.6446
1431.0409
350.15808
1172.039
1321.3527
644.9824
909.4486
725.0127
533.3287
1036.1896
2083.4788
387.5391
623.40857
1146.8944
1024.8269
1629.1101
1310.7573
746.7954
874.78094
269.33783
463.53772
1190.392
860.7175
969.9824
1207.4589
1737.9028
1141.3905
318.76813
236.50136
1318.0596
848.5492
595.20526
1234.5767
300.67404
813.59503
1357.3846
760.9249
376.127
1348.7832
451.02924
998.2425
1011.4824
1301.329
1086.0319
717.88666
896.8191
1638.9666
1087.9983
897.4785
2365.8193
260.59186
579.50146
423.92426
692.24817
2213.3176
1068.3279
1287.7462
1303.4688
1573.7839
1863.2388
698.4802
1249.0579
1367.5957
881.8507
1128.0854
287.46738
217.74634
706.7923
1192.2601
2285.212
1068.6449
2258.434
699.8059
1100.9292
1406.3982
1538.7062
513.18994
1133.1753
979.34467
998.54675
1167.9359
198.52852
342.84464
982.88763
867.5189
545.3484
676.9885
1108.8896
1644.7759
1012.56555
654.1084
1165.1411
246.84094
1206.023
721.73083
1447.334
278.61118
1175.5515
506.53598
469.22974
512.8377
1240.484
595.8319
1167.1138
1007.39197
1309.1873
1114.5087
1622.3153
794.25775
560.15967
684.1024
1599.6453
787.0026
1087.5045
270.3169
134.75664
1152.4751
1112.8021
589.01685
603.82446
927.10846
1331.9995
260.6758
753.75977
608.67163
613.69116
954.1815
515.0679
1017.9518
1685.2965
1285.777
421.52042
391.1236
627.09753
1272.2593
1296.9973
298.4265
1522.4736
1233.6067
1334.7251
1134.7915
1167.0193
1044.5544
330.64697
527.32574
492.72644
521.61194
1018.2184
1154.4958
602.0735
763.638
1172.596
771.45935
2398.141
548.7005
588.1627
539.3197
1508.5306
1163.769
843.4891
342.151
1266.4297
730.81335
2076.8577
955.54407
482.1381
1197.5527
809.3082
580.4336
1513.436
846.5776
717.68304
533.5469
1010.33777
1386.4175
1428.363
857.2864
510.84747
654.4595
1064.7749
1013.677
724.08435
389.54636
1996.5039
1017.5596
1194.6511
1093.0972
269.49503
989.2848
404.88898
357.65054
1114.4631
556.7649
91.02039
673.70593
1487.8927
558.32086
434.01706
2411.59
1091.5251
650.6873
1855.6915
587.27386
1091.4143
1343.7656
1023.313
248.24364
898.3688
864.77356
854.8302
1202.3783
579.14716
668.8261
1614.1747
1041.7361
908.818
1154.7977
1668.8905
2377.777
1379.1675
1245.5627
1210.0281
956.901
887.1036
1023.82837
536.00854
406.54068
898.8454
719.7839
211.07297
988.416
1091.5471
510.06125
1208.8925
1195.486
831.26465
687.14923
435.28937
802.9182
817.0952
1145.1567
728.15515
1174.5043
942.4557
868.0477
1236.5414
457.72455
1290.4468
1316.593
419.96582
2251.107
809.1398
715.58704
435.82745
1007.8269
777.29004
301.1796
542.7795
969.7854
1594.6146
1501.8632
973.0281
2137.2593
598.1404
552.39624
1419.4998
2319.8867
369.47617
2058.7393
1916.5768
453.23947
390.15668
1572.933
656.4614
1398.5115
1058.7395
1529.5847
1407.1411
1542.9976
1131.5587
974.58203
918.64075
1472.544
499.76172
527.56146
547.16895
1349.5265
524.8307
926.01025
394.15036
722.16235
1013.3908
619.5484
243.72464
1272.401
1074.5293
1050.5122
1531.312
578.8833
1365.7512
495.7826
626.1958
369.06866
684.30115
434.19772
863.8485
501.42224
843.16455
1085.4993
1358.794
870.0149
2151.8848
1144.1226
1227.522
1251.7648
427.1222
335.4759
489.8288
647.16376
623.3611
247.59557
1306.101
1542.706
631.7615
519.1255
1229.949
1459.4459
1171.0327
551.6556
1042.7798
475.09628
1546.8579
1163.6509
475.6385
227.67102
1222.6035
453.08228
1507.9036
1237.8702
1424.9147
666.926
255.67574
861.98755
1095.7861
1270.596
847.32983
533.7697
636.1229
1205.1625
944.2536
1429.5735
1028.7357
425.05188
812.59875
655.24805
785.581
1081.0126
741.37714
1102.9417
546.1558
506.919
943.7527
615.45715
1316.1323
768.16516
1587.5576
1389.8503
739.2987
322.40222
1306.1067
423.3183
944.4524
437.6009
886.9933
244.39883
776.2711
539.39935
911.7899
696.6747
1443.7156
1588.2
251.70236
1103.4019
1249.3433
953.40826
528.98267
1034.7863
1517.3948
615.8638
443.4792
1011.87634
2239.6934
1890.7478
619.86755
818.4863
650.4937
769.6859
1212.5776
602.49817
1137.2163
1836.031
1142.635
1418.0283
495.97806
536.83215
891.3469
774.9624
637.14276
1357.5857
376.85522
759.6435
1492.7217
763.6941
428.6783
1480.3616
1488.3202
366.80334
1158.602
847.79407
1225.6018
393.48068
1414.8348
591.54663
538.1173
1123.5457
998.73645
1008.1875
1299.1611
413.9422
587.24304
1386.6257
1022.08435
1251.8802
528.6928
430.06705
1435.9326
1744.5284
1748.5508
784.02014
124.65582
318.22015
918.2776
443.69495
385.38812
1050.3381
764.9083
482.5137
194.89284
740.92303
590.80865
1291.0256
1098.1663
1211.4116
1265.2572
452.77414
1251.4789
975.57697
1173.9396
1129.514
1130.3451
1288.339
721.2418
604.3628
896.5484
319.5009
2010.7788
247.82071
1009.8319
1192.7844
1226.747
1136.4955
1257.7386
1001.6754
961.8551
1328.6956
1096.0338
1077.2191
606.36804
494.34387
1279.1567
525.6842
1168.0333
1101.8108
1018.83856
542.3141
399.42358
387.54492
1018.3016
643.68884
1277.2783
1232.2994
1879.4469
1020.5012
813.1205
641.322
580.21875
550.96765
1086.4481
1147.1061
914.6553
1838.9191
911.43646
1716.4196
2337.0173
536.38837
416.82828
860.8665
646.489
682.8362
1042.9866
1466.4945
1287.8531
600.284
860.3115
693.3823
590.2061
1444.9143
1569.8928
1076.8497
1225.0996
642.6426
582.49603
340.22388
1329.2076
