1290.3029
1024.0734
902.8419
1194.146
593.4877
1288.8115
1129.3383
238.32733
1233.6313
724.12933
462.10602
882.8943
367.24042
1379.1753
1268.5946
993.1272
1348.8555
1187.6404
1528.3716
373.71298
2253.2957
1165.7106
369.18646
819.239
536.23157
423.91605
1437.4708
1325.8215
862.58606
1158.867
544.1463
463.4268
400.91153
458.94257
1379.5667
329.53528
1064.0126
582.5135
2113.3193
507.2945
788.4396
1513.5515
600.074
384.893
331.4901
450.30377
1178.0212
729.0747
561.7833
277.32684
660.50275
1464.9373
941.5145
1320.0857
930.34827
798.89233
675.03284
1183.8431
486.1351
658.9031
1243.0886
339.36356
302.96558
1138.2948
1486.6704
1145.9392
400.09058
1073.6708
609.24994
1277.154
1162.9087
771.0964
1177.4734
1228.0615
915.85345
898.3163
771.7732
1095.767
489.45248
1317.4341
822.64996
1332.1436
223.44376
1159.6565
757.84174
1046.0476
880.29016
1115.8789
1010.27496
1118.0712
1354.3801
844.31696
1239.5573
2418.0776
695.25854
1321.7617
610.2688
1165.9564
658.4635
701.4371
1449.8156
1103.4714
1206.9335
386.74927
1045.916
1355.0681
835.5473
740.8291
2261.5078
2383.0383
1429.5298
498.90735
796.26
280.65533
554.68976
401.26837
2306.6753
1089.9971
1344.7148
673.0934
363.66907
751.1122
1204.5726
1364.0355
1337.2799
1050.2432
391.80344
555.08057
2308.8398
856.6741
667.8424
469.9518
1026.0408
2061.6165
1227.4178
191.56262
1151.3384
614.8043
858.7362
1016.47876
1328.8789
1389.6749
479.987
759.0597
817.4373
514.5233
839.29016
1119.16
363.8192
1286.0237
2332.0447
921.21155
985.52905
410.63528
742.98376
1089.9089
1179.2023
1420.5745
903.4757
306.00363
1082.8121
1357.1143
786.46497
1079.1971
1104.4838
847.8661
2390.8923
1479.5623
850.6101
727.93713
856.2064
367.98816
569.4221
554.50024
487.1787
1547.6473
1201.9468
507.52008
1206.0574
807.4618
1498.1989
577.45605
2551.7944
405.97775
2311.1277
1952.332
1519.7554
2358.1511
410.91956
1392.5403
853.7189
575.2496
1381.0386
1052.4744
215.4449
357.69952
873.6389
357.8255
701.9147
1526.1395
1015.7595
1161.681
1197.3464
596.7711
303.0633
780.4818
627.22
503.2496
388.71786
1073.6045
899.60187
560.2968
422.87802
2246.6702
1434.7605
797.9691
411.2491
646.1973
1071.5723
692.10754
2192.4106
608.4028
2228.0334
246.82956
1306.612
1254.3528
2209.6436
1428.7634
525.7219
422.34143
1088.9034
210.71936
572.7634
1186.7836
1184.4778
1101.4263
769.3527
1099.7029
2365.1323
944.2545
1119.9539
195.40515
2550.2817
1123.8871
932.9105
700.94965
1360.1967
1084.7454
920.5903
1280.58
1408.0322
822.4748
755.80634
551.7776
1206.014
1034.6721
1456.0037
1502.203
1381.4506
1063.088
1406.0814
1437.5305
682.4569
409.77924
936.7389
1017.6821
1340.8674
1019.28906
837.588
847.98267
1102.3206
1615.7388
645.84033
1128.3768
543.79645
1330.6853
545.15265
1292.1725
1127.9229
1625.6967
421.44565
1133.904
1240.3043
503.22083
515.82043
1129.5565
527.06213
235.19778
812.193
1155.8108
1753.6068
1372.9396
1012.4635
1125.1858
363.0075
1198.8643
1275.258
2262.7344
685.8511
256.0967
1023.76074
1367.899
269.01642
444.30508
1071.3295
1406.6328
761.3154
424.71472
348.0112
1359.3286
1595.2559
674.5543
559.35583
2456.377
981.8955
966.2488
1164.1353
858.74915
341.67755
348.32324
838.5907
1140.8428
976.7903
935.714
341.51068
2437.9639
598.93005
381.39764
1323.6995
906.1456
318.70978
1084.4366
1521.6829
430.20267
1177.0038
1085.644
1603.9326
961.5025
968.04956
926.5763
430.40732
1163.1122
1001.5292
355.77896
1111.8992
1327.1833
318.4507
609.97876
667.05023
911.58716
498.23248
600.0165
509.93726
619.56165
146.14146
397.32703
309.79553
745.97253
744.3884
616.146
697.2112
374.07587
1401.6517
815.3842
266.59854
733.7706
1582.3004
1110.6938
1386.4268
476.02576
305.20428
1063.524
938.99207
987.6395
1276.2622
1122.1962
507.137
1337.882
154.89075
389.3756
1732.6377
777.29065
495.49414
211.1112
1431.8474
491.67386
855.3436
1220.4828
857.6926
1076.4991
571.66815
524.72235
1000.8435
1099.8649
724.3967
1031.527
1635.4512
1072.4042
871.38275
1001.2774
626.0182
1505.39
908.9275
1493.5525
738.7836
424.49475
1320.9692
672.3441
955.1848
494.20844
336.67477
989.51733
808.56824
591.6964
1582.4717
387.97858
991.4691
936.711
452.0681
751.85156
781.5209
468.1649
389.9438
811.74866
1471.2715
223.12949
1016.47754
467.5713
1047.7821
907.4833
819.9237
1062.0098
957.29407
1147.7665
1093.4358
859.3765
554.2439
718.0925
1521.0715
1768.6912
880.5917
1327.2429
1068.6569
620.0443
540.15454
1372.6384
1392.8566
842.49866
1373.4491
1314.4216
464.9297
749.90234
1389.3368
531.6854
928.9558
1233.1669
1220.6129
632.82043
1228.2354
490.16925
564.36975
1145.7925
625.95337
1204.6494
779.94635
1192.3247
391.41354
980.98914
1138.4724
1183.2433
688.71045
1331.3164
1079.8208
1418.9626
1023.34534
1208.0603
427.3277
675.3993
472.28558
698.1089
448.59998
1277.4352
899.52356
1636.8827
595.411
575.48004
719.0407
1250.471
1243.8873
833.77783
2144.0776
588.6387
393.33948
758.43274
1150.2415
1164.2087
814.59955
437.3573
1203.791
653.0415
602.4896
1266.9895
1288.9813
987.55237
1437.8064
1131.1521
457.92526
458.648
748.421
958.8732
1271.2828
1318.7266
493.61743
178.20287
453.6158
352.27713
1002.3237
1479.5785
339.32986
717.88214
821.5883
472.22415
1598.6725
857.2274
761.2792
1127.9857
1561.3259
418.57034
1146.8964
1115.6614
1266.2854
620.74866
786.99866
415.95734
326.05002
383.0307
741.69763
1398.1646
565.11237
750.5968
734.5939
645.941
1039.408
2182.4346
694.0039
1097.4067
941.35443
2382.753
498.4281
1465.9591
1447.8947
756.2621
1123.9103
974.51044
973.4824
1289.7667
1059.5398
719.917
2214.222
569.4215
381.04007
1083.3306
569.7967
658.6246
1747.3286
1551.1482
1317.968
305.72278
1101.768
253.44359
767.01294
1029.6927
1209.3728
665.01636
758.493
887.4915
385.1163
327.92578
1192.5247
731.04443
431.76886
1458.5703
1073.1388
1427.651
891.4023
677.1637
157.86029
634.6461
1508.011
322.66132
369.45395
496.38348
574.2141
977.57574
1054.9729
685.458
1296.5703
1165.1411
156.01692
1002.1993
555.26935
1137.7483
636.21106
1243.0166
1090.4336
1343.5063
1142.0344
454.80402
796.73114
713.03345
1300.6934
1333.737
380.55658
1730.3171
349.68848
573.49084
1190.0239
903.4608
209.05527
810.797
669.1503
1300.7996
535.7613
689.7898
1539.3184
1210.2032
204.151
1211.1956
829.3373
1276.9038
519.6366
1046.0042
1284.6678
1276.5134
343.6969
1116.3694
1658.0895
566.87836
1192.9346
668.4787
734.7779
767.0287
687.7111
1377.4961
1151.6084
2392.137
925.8071
1971.5647
1220.5325
730.8905
1593.3322
1110.606
2102.1592
596.83295
1131.7849
1187.1384
759.54565
608.3511
649.3908
1489.4814
803.45294
1121.0526
465.28052
510.14185
1556.7067
496.0067
275.86435
893.7045
394.00043
1172.6633
186.73389
984.78015
868.01105
696.8883
665.4645
263.86575
561.9412
279.032
1025.6194
665.5936
1030.0271
457.67395
638.65515
1654.9316
1186.1155
1201.5134
579.0765
1102.1493
1231.0651
1041.618
331.39578
1109.1514
330.7876
381.0539
1045.1669
1432.8679
2266.2258
1492.6921
477.8815
309.62234
916.0133
738.5698
928.5673
435.59668
305.0633
771.5125
331.29514
1104.935
1232.483
1164.4403
1147.3691
466.97986
832.7302
1288.5128
1587.666
2152.1204
797.8065
608.55725
1034.1722
703.9335
781.7539
449.39615
786.2219
1004.8136
791.00964
1046.0791
1550.0525
658.3823
576.5735
411.2416
1310.9536
540.5202
504.55853
1008.68524
948.37836
887.83545
1264.8549
1101.9015
1467.2002
1003.8206
980.8036
619.41644
576.7886
598.8091
1614.2373
633.6126
1527.6482
1223.4734
1852.8612
442.83185
535.42804
938.0909
438.2735
1654.1147
569.3439
613.148
1016.1742
1213.8003
637.43726
968.52954
1490.5153
721.6922
952.77625
1834.507
694.7174
1182.8735
227.30618
1120.8883
472.56116
1458.7288
549.7966
675.7986
1394.6548
890.62506
1479.6515
1100.9382
1102.0237
957.1867
657.45557
1192.0706
465.37643
1468.9111
1047.1953
934.46454
341.58517
1008.8253
545.24426
466.11588
854.2834
843.468
265.90967
1251.9814
1054.522
1103.0283
401.92468
602.95245
592.7052
486.22583
968.4876
745.8465
1225.418
392.67163
1547.225
241.64124
792.572
746.03284
612.8941
181.30276
756.35364
710.8205
685.8673
278.2202
644.6706
786.8314
435.89078
277.96024
350.9851
742.92346
1058.5442
840.1991
987.1965
1384.3484
1364.1709
733.3329
900.36084
1387.3047
1113.6008
908.93896
607.9365
986.99
1330.4506
308.31262
605.53906
469.00577
2291.1448
1060.1754
1639.852
660.06885
451.3277
1127.4602
1157.652
656.26807
1057.5284
1120.211
420.2374
843.9434
586.1555
635.6615
326.0901
432.15826
785.56964
1435.5969
1109.4075
292.05103
608.5044
1266.5234
1179.3512
490.22318
396.5334
840.0919
583.89856
606.0084
1122.1604
1183.9681
164.79259
1203.8673
956.1929
1472.263
1018.3526
793.9974
1533.6039
1245.5249
1336.8253
679.87897
840.5345
767.1985
770.6266
1221.1307
1402.7806
1188.2089
1336.6792
1115.7488
1088.9266
531.12115
458.50766
1501.0669
392.05908
750.8125
658.97217
1210.0283
207.39374
693.95044
1741.0376
1340.7756
1197.2307
347.33536
1219.6146
475.74545
387.4852
1243.907
1775.2356
685.45953
996.2716
978.10614
2011.8234
1047.7341
1371.1387
661.6803
1307.3464
1429.5809
1231.4268
1251.5563
571.7438
1230.6847
1221.6396
1272.4819
1067.1077
1060.6201
1157.4315
858.8084
642.30145
453.27744
650.36896
827.9203
870.5403
1323.2213
675.1207
1154.1393
1016.8827
1127.7302
582.6553
706.1481
759.3907
516.8297
2305.2395
548.4672
1662.0627
2291.747
689.44037
667.08203
2164.9731
1017.68
766.2861
1987.8722
485.5772
861.45404
1068.0737
865.5239
235.89682
495.32147
1152.8258
2442.4111
463.15244
514.0007
1437.6387
1543.8206
636.00415
342.0351
1430.783
1283.576
935.1793
1144.0037
1249.6991
1447.6475
1152.0046
357.82626
1046.2375
1222.5664
237.42947
361.08746
338.2111
1459.6979
500.76416
971.28326
1000.70715
429.1468
1532.7031
408.2761
712.60376
1016.2644
1211.0665
1289.6356
1214.2563
797.1255
478.32285
724.5971
1433.6804
539.58673
468.66327
494.05707
1210.0419
494.15863
1260.421
806.81055
1072.5116
1227.9001
515.61414
1503.0327
545.75806
323.2926
1248.7754
348.18912
1496.8414
803.62805
1459.7909
365.1851
1059.2021
1211.1703
1021.68933
603.08484
1472.2556
1138.3918
1461.5981
1354.7635
1282.0515
352.649
2201.398
475.3871
475.60587
1223.8584
838.41943
1122.18
1682.7947
1068.5594
1403.7014
2139.3909
1410.1085
612.8869
1379.1064
905.3025
464.5923
354.9103
842.15955
836.5707
1506.9006
1039.7566
535.01624
865.2838
588.2672
1149.8282
1114.2767
1035.8585
505.54044
412.80423
1049.7607
799.568
437.57492
1318.4174
738.4569
422.83377
1316.9045
963.09015
850.27515
446.4693
856.5593
644.64124
443.7245
819.14514
935.48627
755.43506
2378.1628
821.22766
982.3109
1331.9686
1082.5148
539.693
1162.207
1099.7932
1273.1615
897.2415
331.7699
333.37167
1593.167
1381.0103
1043.9218
940.51776
789.5446
1042.9689
1226.3855
1198.1396
1181.2472
1449.892
516.33545
1197.4988
273.75516
833.15735
291.91553
474.50708
650.86365
1245.9651
1208.2548
1429.5546
1148.0806
1343.7821
391.78754
693.50244
864.85535
1164.5724
480.4929
1004.60956
949.5265
486.81274
1255.7668
1252.6091
2290.4294
501.41708
958.1748
373.27182
1291.6936
1203.3445
1169.5012
1519.3945
2260.3982
1443.5264
406.95837
1415.083
524.504
880.5802
472.13055
763.03577
1208.8391
776.49
551.9532
896.14636
431.10678
1272.9642
2296.0513
860.1888
2278.442
1350.1891
1376.2876
556.7596
1378.0054
567.829
481.14355
1308.8425
794.07574
529.8766
284.09802
1240.8735
775.48083
622.0746
927.0455
260.2189
459.4655
1108.0295
308.7495
835.068
1057.2617
1477.2546
980.3877
725.43585
326.15756
1342.7268
1935.0193
582.4143
1061.22
1431.6107
396.15903
847.89856
197.57382
312.39474
970.8111
869.42316
1811.0327
1822.0122
1331.5587
590.04724
333.58813
614.22034
871.1095
1057.3301
474.7245
389.92468
348.89493
1036.8573
545.05237
1167.2102
1443.956
710.6489
664.6075
792.2869
1093.9161
406.18964
670.9764
950.0591
1510.7751
305.53033
1475.3777
1292.2498
1363.7786
533.20764
1259.175
1265.0745
1209.4895
96.29061
731.6712
468.2224
679.00183
545.3041
1066.2235
1372.1313
1541.1636
511.93497
737.6276
836.67035
508.86792
2500.2373
563.746
646.7557
631.767
877.1557
405.03833
710.80725
703.1301
835.65924
565.8371
1050.2822
252.67068
825.89606
999.57465
485.39282
423.00293
1088.2815
712.6544
1145.7748
1556.2222
1807.0969
534.85974
557.8323
917.51904
721.8637
870.3432
1185.0553
2093.2114
1796.687
2400.9543
645.922
911.01263
1033.3967
905.58813
440.56174
967.7035
624.99054
825.4539
588.4176
664.36597
313.21692
914.4272
527.9625
1275.3762
973.10034
1495.8135
301.95325
940.18066
696.6682
758.14026
1128.9539
1246.8885
1444.6155
1196.2983
1030.2612
1200.386
1429.0701
1137.3372
1187.0186
864.49445
1103.7872
1089.8392
791.24097
386.42065
1245.5938
738.6426
620.545
1024.2483
1262.6731
352.75168
594.11096
1433.4999
452.4601
1487.6278
505.4821
1617.1251
963.1233
1304.5448
2216.0396
517.8916
1604.3625
817.6572
1653.2786
2078.7344
1215.8887
943.3895
484.43076
472.82568
1261.0334
360.4174
2283.668
485.2815
590.0419
834.6581
960.29614
614.5769
530.05457
369.85938
1266.1029
1205.9512
384.56866
1588.9285
1325.361
109.18848
600.5657
1013.2787
2468.251
301.4929
827.1
1483.0962
543.85583
1227.2703
1264.9362
2345.1958
2297.9155
1233.435
669.7595
709.0504
1414.325
567.7272
1168.564
1066.8035
1303.726
528.29333
1144.995
1502.7175
949.1537
1151.2042
477.5058
408.79483
719.1155
1005.96704
254.0378
1487.3577
880.24585
737.7641
702.4374
1591.7019
702.28406
244.996
681.5292
157.5017
465.79416
338.17206
1025.5833
997.61334
381.3537
716.9935
1018.3244
364.22116
1478.0085
560.21967
885.43585
885.266
695.5655
328.28748
1197.9817
1070.0583
465.23022
747.8778
697.1257
1125.5181
920.68085
1334.2323
814.36145
1190.3197
327.71857
973.24084
993.8122
218.80775
830.8054
610.7104
446.77734
1472.7806
1431.8326
420.70184
1231.0508
1287.2529
845.7787
960.11523
1062.5822
586.4398
558.3032
444.82617
1382.036
765.2654
671.64044
641.2532
1521.7598
630.6445
523.16895
928.32007
985.19574
283.14227
1091.0063
1250.592
1049.8926
1588.2332
1364.5669
1512.3478
319.7082
1089.3949
386.07913
465.69165
1222.6643
1350.544
678.47144
644.9949
491.00635
1757.1404
952.1867
593.6993
491.68634
942.69324
1386.2241
719.05884
1147.539
409.15717
638.9204
403.25397
303.52563
732.9749
1439.1407
397.62692
395.88562
1239.1316
600.24146
430.04776
652.5562
678.78314
1028.1176
1075.0967
1143.2566
2152.29
423.7173
1590.0284
948.8048
473.51318
1214.7871
1194.8381
700.6721
357.7327
1221.61
1163.3193
1109.2584
547.36646
470.53918
329.28082
949.6813
454.37115
1217.0913
477.59134
793.8555
772.4585
1617.8506
1070.0541
488.9088
1038.7174
1554.0963
1481.7682
1910.2489
1587.3113
1199.9584
998.9815
164.17996
1434.7524
353.58798
1176.1172
1321.1875
648.60864
910.559
726.4724
536.49927
1036.8378
2082.2559
390.62546
630.4415
1154.3564
1029.2983
1634.6511
1310.9229
752.0354
880.02716
273.70905
470.2987
1191.0286
865.35376
971.2244
1212.3812
1738.7844
1142.9929
322.47623
241.27441
1321.5122
853.61755
601.1187
1235.3263
303.5196
818.4079
1362.6539
766.0204
379.00916
1349.3682
455.07086
1004.35626
1017.0064
1305.2019
1090.4822
720.3998
899.54193
1645.4014
1090.4674
903.4803
2365.9546
263.77264
583.58673
426.16125
695.745
2212.365
1074.7117
1290.0317
1303.5586
1577.4917
1868.4442
703.4379
1252.0281
1367.611
887.2035
1126.9402
296.62268
222.3747
710.9503
1197.001
2288.9946
1069.2485
2257.8042
706.0985
1102.3389
1406.9012
1543.7937
518.0772
1132.5911
980.7285
1004.2954
1171.2687
205.0127
344.69672
989.69666
868.6393
548.01855
680.06396
1108.6431
1645.4624
1016.8696
659.9468
1168.6865
252.97264
1208.7883
728.43054
1447.8108
279.33517
1179.2766
509.53717
470.13745
516.7141
1247.1532
598.53204
1167.0928
1010.3575
1314.1523
1115.384
1627.2129
799.49084
561.4712
688.9346
1600.148
791.07825
1088.1423
270.61902
139.80075
1154.3484
1119.9137
591.35
609.6012
930.453
1331.7495
262.932
758.98663
611.3168
619.0135
958.8396
519.9635
1020.922
1686.6172
1286.7019
425.27145
395.03543
628.3375
1275.8341
1301.4044
303.2802
1526.8925
1238.4061
1334.7352
1140.6768
1170.2269
1044.2734
333.70602
528.18976
498.864
527.211
1019.30896
1160.2986
607.44147
767.8436
1175.22
776.3519
2403.2476
552.9381
593.5831
544.61145
1503.6473
1164.1808
846.0737
345.81955
1267.7921
734.23413
2080.725
957.46814
485.31488
1197.6511
811.04083
583.80054
1521.0607
848.1672
718.5236
538.923
1010.951
1390.1655
1432.5388
862.34534
513.5791
658.3902
1065.7656
1018.22205
730.2256
394.22903
1994.1367
1024.0637
1194.6687
1098.2299
273.7316
988.7411
411.86044
360.38257
1116.9104
557.5789
96.16232
674.3407
1489.166
559.5741
439.07367
2416.866
1094.0134
653.9026
1858.0322
590.9929
1091.887
1348.6162
1026.0802
249.95697
902.22815
866.2042
858.4462
1202.7804
580.7951
671.80725
1620.9915
1049.3187
912.7009
1160.4486
1674.8014
2377.7412
1383.0084
1246.0132
1210.7659
962.8789
893.11084
1024.6005
539.6408
409.70874
903.442
723.7876
215.20348
988.89307
1093.7136
513.7037
1211.8293
1197.4861
837.11835
692.8812
439.36865
803.5082
822.93536
1144.8982
732.3317
1180.652
946.3537
868.7704
1237.1279
462.75427
1291.5984
1320.5923
424.62006
2245.7783
812.1196
720.4321
440.15994
1008.8938
778.08813
302.32715
546.40344
970.75214
1599.9403
1506.5903
978.7977
2141.603
602.1424
555.9383
1420.2512
2321.3635
372.38214
2058.6843
1920.5449
456.61798
393.97052
1574.2133
657.2613
1403.1223
1062.6344
1529.7815
1408.5046
1550.9159
1133.1028
977.5769
919.9851
1473.64
500.37744
529.9031
551.9499
1351.4904
528.1099
931.85645
399.526
726.61084
1017.34753
621.23035
247.91731
1277.5696
1073.6301
1052.5149
1532.1997
583.9131
1364.8776
499.89542
633.75214
376.6617
692.2988
437.2362
869.43475
505.20667
844.1439
1084.7333
1362.1763
873.9415
2152.7522
1145.6985
1228.499
1252.8733
430.1245
339.456
493.3736
648.1553
627.8983
252.57178
1306.12
1547.2825
634.3799
523.10986
1230.1285
1462.3953
1171.7618
557.98364
1042.835
478.29877
1548.5679
1163.0837
478.53085
232.64413
1222.8444
453.14206
1504.2043
1239.2827
1425.241
673.6697
256.9134
864.34937
1096.3955
1276.5688
851.54944
539.0175
643.0121
1204.3466
944.88385
1434.4923
1030.9149
428.54797
814.50214
656.2213
786.8914
1085.9125
746.17456
1104.3198
546.4751
509.50525
949.71313
617.96655
1320.1622
773.22876
1590.4158
1394.1708
742.3845
328.21072
1307.4342
425.22156
948.68665
439.11865
892.1057
247.53642
781.8313
546.62427
916.45557
698.904
1446.2797
1594.6155
253.47983
1105.0297
1249.5087
958.84686
532.7514
1034.9177
1519.2039
618.2607
444.0644
1015.63367
2239.069
1890.1206
624.26953
824.54724
654.5791
776.5681
1217.9485
603.60236
1137.5199
1841.1438
1145.3813
1417.8639
502.71786
539.5526
895.2934
779.84827
640.0209
1358.9705
380.54605
763.2214
1493.2124
769.88715
432.31845
1480.4789
1492.5454
371.8417
1157.7334
851.5
1230.1118
396.13196
1417.5862
593.337
544.1203
1126.2361
998.6043
1010.1071
1303.9758
419.47366
592.3676
1389.4882
1027.8955
1258.1229
531.99255
435.00446
1436.9473
1745.8228
1749.5989
789.3207
130.81738
321.75732
919.21875
446.54987
390.09497
1055.8538
770.35223
488.52454
198.30984
744.04736
593.73645
1290.998
1103.4409
1214.0394
1267.7031
455.425
1251.9493
980.87714
1174.3384
1132.8918
1130.231
1290.9801
722.923
607.6455
897.8532
324.91458
2011.4796
249.99927
1012.75073
1192.9287
1225.682
1135.9172
1258.6691
1006.9614
966.00946
1328.295
1102.4192
1081.0798
608.74646
496.1286
1286.1345
529.81415
1172.9288
1107.5168
1024.2766
545.3419
401.99976
392.46405
1019.34155
648.3585
1276.3401
1233.8754
1881.4255
1025.3193
818.4264
643.5625
580.4705
553.1937
1087.5088
1148.3452
915.7232
1840.76
913.98694
1723.1927
2337.7078
539.15533
424.2934
862.6948
650.54034
685.3008
1046.0575
1472.2958
1288.853
601.89343
860.9457
695.156
596.163
1445.6843
1574.91
1080.9148
1226.6348
648.4287
588.8168
345.48376
1330.5216
