1292.7682
1025.3314
902.9397
1194.8715
593.50757
1290.4768
1129.3823
239.89627
1235.0432
727.37366
464.69125
885.161
369.1155
1379.1343
1270.313
993.1801
1348.6411
1189.5399
1529.9926
374.97388
2253.0674
1168.2554
371.47653
820.3108
537.4713
424.5557
1437.5225
1326.0745
864.3976
1160.9365
545.7898
463.37454
402.3424
460.72955
1381.4298
332.04272
1065.9579
582.7832
2112.8882
509.66614
789.77026
1513.7314
602.5846
386.7503
333.12103
452.62918
1179.9825
729.1435
561.6375
279.84726
663.1606
1465.1239
944.0725
1322.2319
932.0609
801.2594
676.9499
1183.8917
487.7943
661.7395
1245.5647
340.8791
303.46936
1140.1848
1486.8207
1146.4873
401.95096
1075.7786
611.803
1278.2378
1162.7335
773.4044
1179.3431
1230.089
917.9767
898.19977
773.45636
1095.9697
489.0852
1318.4749
825.1471
1334.3104
226.07367
1159.8855
760.1509
1047.6345
882.49335
1116.1746
1011.9806
1119.655
1353.7856
844.1593
1240.8857
2418.5522
697.571
1323.7693
612.2949
1167.7952
659.34216
702.8798
1450.2898
1104.8503
1208.075
389.22284
1045.781
1356.7338
838.2868
742.9946
2263.8506
2384.33
1429.8701
498.79938
796.9886
282.51315
554.4122
403.74707
2308.2937
1092.2273
1346.5654
673.3163
365.73114
751.7742
1204.0259
1363.8474
1337.075
1051.2405
393.9538
556.5819
2309.317
857.4154
670.4457
472.06158
1028.1178
2061.6306
1228.1458
193.72295
1153.4084
614.5045
858.96106
1019.2404
1328.9799
1389.9386
480.94543
760.9415
819.9254
516.88556
841.8641
1120.9062
364.00934
1286.1302
2331.4917
923.30896
987.2766
412.6183
742.97107
1091.188
1179.5781
1420.4792
905.4912
305.86523
1084.4836
1358.7478
787.7201
1079.7631
1107.4329
849.9374
2391.9624
1481.5161
853.088
730.0078
857.75555
370.59198
570.963
556.8446
488.6039
1547.943
1201.2532
509.47247
1208.5745
809.2665
1499.3442
577.2285
2552.031
408.5275
2307.87
1952.469
1520.6401
2357.9722
412.71112
1394.4094
854.93304
577.7661
1380.8
1054.2981
216.94241
360.08228
875.17303
360.0307
704.4931
1528.207
1016.2284
1161.7322
1199.1418
598.33246
304.61243
782.0919
627.9753
505.49756
390.6427
1073.5337
899.14484
562.6948
422.91183
2246.8594
1434.8181
799.5314
413.23154
647.1591
1073.6537
692.53827
2194.6921
611.2655
2229.1035
248.57544
1309.0201
1254.4045
2211.9062
1431.2515
528.8257
424.19174
1090.6692
212.2586
573.031
1189.3378
1185.6644
1101.3722
771.90106
1101.3452
2366.9453
945.614
1122.0542
197.4845
2550.2847
1124.0118
934.6987
701.093
1360.6455
1085.8822
920.44885
1280.342
1407.6641
824.0138
759.0782
551.98474
1206.9797
1037.2345
1456.3413
1502.4967
1381.7493
1064.8982
1406.1086
1437.5397
685.3742
410.90448
938.3802
1017.662
1340.9369
1018.6245
838.99585
850.0406
1105.3053
1618.2345
646.10236
1130.5038
545.698
1330.6761
547.65454
1292.588
1128.1611
1625.8884
422.88672
1135.2668
1239.5707
505.16367
517.75366
1129.4662
530.3667
236.7544
812.056
1156.1193
1755.9421
1373.0327
1014.7458
1125.3657
365.1694
1200.3169
1276.0322
2262.3484
687.79785
258.88284
1024.991
1367.8467
271.506
446.465
1071.7505
1408.9985
763.6112
424.66678
350.66028
1360.5098
1595.071
676.9424
560.5002
2456.5898
984.42944
965.90137
1165.425
859.7999
344.9554
351.46097
840.0132
1143.2736
978.35834
937.32434
343.26312
2438.2432
600.8922
383.98145
1326.7305
907.1914
320.69205
1086.1674
1521.77
430.26196
1178.4458
1087.0457
1606.5297
962.94543
967.61584
928.55664
430.03705
1163.0342
1001.0264
357.97748
1111.9027
1327.3682
320.6029
611.26855
668.9045
913.5156
500.28235
601.46295
512.2376
620.9619
148.41733
398.8349
312.63974
746.184
746.4499
617.94574
699.286
375.4497
1402.0367
816.5719
268.1927
736.1638
1584.8083
1111.1521
1386.3635
477.91342
307.88803
1063.1945
941.44824
987.7372
1275.6033
1123.8438
507.27686
1340.6824
157.42776
392.33264
1732.2
779.08594
497.37323
214.25366
1432.3777
494.19086
858.0725
1220.5088
857.4769
1077.9885
573.6836
525.8293
1002.24615
1099.7343
726.0465
1033.1309
1637.9717
1072.6924
873.11334
1002.76764
627.96826
1505.79
909.0389
1493.636
739.96985
425.87234
1323.2767
672.45026
957.5631
496.6313
338.9753
989.76935
808.9585
592.0735
1579.9506
390.08798
992.4926
936.5377
454.0635
753.7408
783.5182
470.7904
392.32855
814.1432
1473.145
225.36693
1016.79944
469.78668
1050.5231
909.0814
820.638
1063.867
958.9795
1149.8218
1093.9208
859.63135
555.8882
719.9144
1521.2458
1768.8357
882.2485
1327.9603
1070.3657
622.366
541.42346
1374.7761
1393.4729
844.5198
1373.1914
1315.3414
467.05646
752.333
1391.5198
533.73804
931.07605
1235.7678
1221.3217
635.2638
1230.039
491.4451
568.31903
1145.2245
628.7402
1204.6504
781.24176
1192.4873
393.07727
983.0797
1139.0525
1183.5096
688.88745
1331.4309
1081.2017
1421.2529
1024.3057
1209.5515
429.12122
675.63025
474.35834
699.7851
448.7495
1279.5261
901.58167
1637.4135
598.3276
577.059
719.166
1251.6412
1243.9211
836.4081
2143.6953
588.66077
395.34628
758.60046
1150.1763
1167.035
815.0551
438.87585
1205.4446
656.75964
603.13794
1269.791
1289.2781
989.0077
1438.0438
1132.8673
459.37488
461.0336
749.2597
959.4867
1272.2754
1320.1506
494.3051
179.68256
456.18988
352.3866
1002.45056
1480.8661
342.1181
717.94305
824.0244
473.64017
1598.9426
859.3769
763.1731
1129.9888
1563.3452
421.0314
1146.8253
1118.307
1266.9258
621.14404
788.92346
417.85483
328.57663
384.23932
744.11365
1400.2008
567.38513
752.345
736.13306
648.104
1039.1324
2182.4016
697.20264
1098.1394
943.06494
2380.436
500.6177
1468.0054
1447.1877
756.45276
1123.69
974.56757
974.9001
1292.181
1060.5145
721.59937
2214.0696
569.88184
382.488
1085.0085
571.8822
658.91797
1750.1875
1553.4592
1320.3267
307.979
1104.0237
255.28378
769.53455
1029.9841
1211.5085
667.12976
760.39575
890.1545
386.62387
330.2142
1192.7554
732.2207
434.13467
1459.3801
1073.6163
1427.614
893.1482
677.3837
160.19266
636.83936
1508.3914
322.7711
372.69623
498.14737
575.4749
977.432
1055.3767
687.07697
1299.0682
1165.4639
158.51497
1003.86334
557.7222
1140.6511
637.9551
1243.8025
1091.0408
1341.7743
1142.2218
456.95096
798.1502
715.47766
1300.6672
1333.3452
382.14783
1732.8545
352.39905
575.06744
1189.987
905.3174
210.90057
812.90204
670.86914
1300.4442
537.7684
691.39246
1539.8362
1210.4496
206.54463
1211.3025
831.0476
1276.3798
520.64
1047.9313
1286.7151
1276.3766
346.07214
1118.1084
1657.7491
569.3307
1194.4335
669.8579
736.79126
768.77875
688.7314
1377.7827
1153.8196
2393.592
927.1183
1971.6217
1221.8268
732.14404
1595.3069
1110.6171
2104.5234
598.5586
1131.7847
1187.016
759.78864
609.49854
650.91235
1491.6759
803.746
1121.2404
466.79474
510.30896
1556.6865
497.15576
277.315
894.1011
395.24564
1175.24
189.11581
986.0549
869.8514
699.1281
667.32904
266.14374
564.1615
280.74628
1026.044
667.0005
1031.6313
460.0273
640.61255
1656.779
1188.5767
1203.1124
582.35547
1102.4689
1231.1646
1043.0596
333.7213
1111.896
333.12903
382.8181
1047.0222
1432.7804
2267.3806
1495.6628
478.72052
311.2073
915.9823
740.7641
930.6333
435.73553
307.31512
773.8959
333.19128
1105.8535
1232.7817
1165.5778
1147.5808
468.60675
834.2863
1289.8295
1588.0675
2152.6318
797.46564
611.1829
1033.0515
705.786
783.54675
450.26065
787.13806
1006.7777
793.05115
1046.4901
1549.9879
660.1278
578.28735
414.06586
1311.1052
542.4584
506.3333
1011.45386
949.39294
889.55963
1266.5272
1101.4464
1469.4307
1005.9255
980.6289
619.21063
578.6959
599.64966
1616.47
633.06226
1529.5648
1223.1226
1855.9039
444.28528
537.011
939.06494
438.46445
1654.2451
571.1411
614.0542
1016.43396
1214.8291
637.7936
970.47235
1490.7631
723.1575
955.54224
1836.1887
696.66064
1182.7092
229.86426
1122.9204
474.8656
1459.4539
552.0741
676.7227
1394.8024
892.2107
1481.8514
1102.8912
1102.7174
959.3762
659.1217
1192.4124
467.2543
1471.0107
1047.5532
936.9442
342.6202
1010.1307
546.9569
467.62872
856.69226
843.0824
267.68884
1253.2869
1053.8175
1105.1017
403.6687
605.1693
594.02704
488.215
970.52515
747.8563
1227.364
395.5286
1547.2045
243.09024
792.6041
748.3468
615.34814
183.49052
758.0731
712.47534
687.66724
279.60556
646.2784
786.91046
438.48407
278.2375
353.85922
744.9597
1060.4844
843.02734
989.86005
1386.4019
1365.1714
735.3693
900.42474
1387.86
1116.064
910.9138
609.5392
987.0309
1331.875
309.54486
608.2112
470.99747
2291.9019
1060.2014
1640.104
660.9161
453.0252
1129.0211
1158.2069
657.78723
1057.9269
1122.9469
422.67438
844.10345
588.03723
637.3759
328.5882
434.07654
787.51965
1437.1025
1112.2596
294.5136
608.671
1268.5773
1179.558
493.30865
398.68777
839.8617
585.4308
607.626
1122.1698
1183.833
167.10655
1204.9554
958.1681
1472.0161
1020.7158
795.8315
1535.3237
1246.1278
1338.507
681.9629
842.5187
769.28284
772.9531
1220.8464
1405.5028
1188.4587
1337.2788
1117.5769
1089.5107
533.21124
460.43347
1501.6831
394.45856
751.23486
660.725
1210.088
209.89381
696.3104
1743.4728
1341.2476
1197.9875
348.8706
1219.7473
475.82254
389.37912
1245.9839
1774.6531
684.8974
999.0938
978.0082
2012.3535
1049.3715
1371.307
663.79126
1309.8033
1427.7183
1231.6123
1252.8767
573.7844
1231.2395
1223.7618
1272.8928
1067.7925
1061.762
1157.3887
860.1194
642.3282
455.66315
650.56494
829.03796
872.4861
1325.0033
677.51135
1154.12
1019.3417
1129.7473
584.9957
707.0292
761.4939
518.6552
2305.8608
550.7095
1662.1842
2292.38
689.542
669.0178
2165.1863
1018.2681
766.29846
1987.4624
485.3225
863.538
1069.3679
868.1147
237.47803
496.8072
1153.18
2442.0776
463.20978
516.0747
1437.145
1543.6909
637.91095
343.3719
1430.812
1283.266
935.2814
1146.0095
1251.2925
1447.6228
1151.9553
357.8645
1047.64
1224.0392
239.79724
362.58768
338.26367
1460.1927
502.3598
973.41846
1000.61365
431.66138
1533.2825
410.84393
714.99207
1018.4509
1211.0688
1291.8574
1216.5845
798.7339
480.0797
726.2932
1433.6973
540.0903
468.7062
496.4495
1212.5969
496.23297
1262.3865
808.456
1072.2986
1227.7654
517.2504
1503.4824
545.54407
325.64688
1248.9684
349.30017
1496.218
805.9152
1460.2817
367.03506
1059.5991
1211.0751
1022.01025
603.2449
1474.791
1138.5692
1463.2773
1356.7478
1282.1661
354.1948
2201.4275
475.47812
476.81708
1226.2917
840.6115
1122.7329
1682.7521
1068.4275
1404.1606
2138.9658
1410.3113
614.62317
1379.0109
907.74084
466.70654
356.70538
844.5835
838.9544
1507.0095
1041.1729
535.14655
867.0851
589.44763
1149.617
1114.5276
1036.3594
507.36447
414.11737
1051.2183
801.56714
439.73285
1318.4783
740.4906
423.42377
1317.9285
963.86816
852.5062
448.73996
857.21985
646.8868
445.99146
820.89746
935.6532
757.0283
2378.4026
821.3423
984.7169
1333.7092
1083.708
541.54944
1164.5294
1100.056
1272.8921
899.4717
333.56644
335.6464
1592.4836
1382.8374
1044.062
942.8196
791.9238
1045.4631
1226.4282
1199.8523
1181.4976
1452.2991
518.0712
1198.8646
276.24048
834.19604
293.99072
476.3742
653.209
1245.9034
1208.3397
1429.9265
1147.7721
1343.8566
393.68402
695.37854
864.96497
1164.6978
482.26178
1007.2875
949.7501
489.2473
1257.1631
1255.0127
2292.3313
503.1018
960.0103
373.27625
1291.732
1205.0317
1169.2609
1519.1733
2260.0103
1444.9088
407.96143
1414.8508
526.0481
881.99
472.77353
765.75696
1208.9528
779.0506
553.30756
898.38104
432.5372
1273.1404
2297.7656
861.64545
2279.358
1350.3118
1376.4023
559.59406
1380.3909
568.57056
482.89154
1308.9888
793.8627
530.20746
285.51163
1243.3301
777.40173
625.0912
927.0409
262.06662
461.36145
1108.0817
310.90326
836.75446
1057.4749
1479.256
982.34827
725.2539
328.8766
1342.1619
1935.0294
584.2892
1063.0292
1431.6492
398.38397
849.4921
198.79015
314.42728
970.40234
871.23755
1811.7723
1821.9194
1331.1418
592.0182
335.7177
614.10144
872.97034
1058.946
476.38785
390.53125
350.2766
1038.0935
545.32166
1167.2399
1443.7479
712.37
665.9043
793.5251
1094.0903
407.5056
673.26965
950.31116
1512.5823
306.946
1474.7681
1294.7639
1366.2273
534.74316
1259.2482
1264.9883
1211.5331
98.21617
733.4866
470.55222
681.9444
545.48846
1066.3635
1372.1313
1543.4526
513.66345
739.4154
837.43164
510.1136
2502.1223
564.2812
648.7515
633.6333
877.2496
407.49292
712.71936
704.651
837.6521
568.2208
1050.1943
255.14055
826.744
1001.2723
487.56354
425.12183
1089.9634
714.4252
1145.9473
1558.2239
1810.5009
537.3534
560.52246
917.71204
723.1223
872.93024
1186.0515
2093.3372
1798.4003
2403.021
646.09106
912.4496
1034.9266
907.7738
441.20944
969.8771
625.1234
827.93054
589.5675
665.6132
315.59955
916.9031
530.3396
1275.4675
972.9762
1495.9053
304.06586
941.5843
696.77203
758.4408
1130.7856
1247.1815
1444.9684
1197.5596
1032.2126
1201.4792
1429.0809
1139.0964
1187.0234
864.523
1103.8527
1091.6567
792.43677
388.2989
1245.6191
740.0179
622.2824
1024.4606
1262.7771
354.71326
596.2278
1433.2227
454.86465
1487.8289
507.85138
1617.4484
965.1345
1304.6396
2216.8345
520.13776
1604.771
819.5072
1655.4875
2078.7432
1216.8547
945.3461
486.58398
472.74878
1261.4896
360.53467
2283.912
486.685
592.6781
834.8257
961.7427
616.4636
530.1836
371.4559
1266.7747
1205.3726
385.36295
1589.1451
1327.5281
110.98964
602.3591
1013.3329
2470.0742
303.63562
829.2389
1484.852
545.1948
1227.6941
1266.8807
2347.1392
2299.1714
1233.5989
671.4286
709.9291
1413.2854
569.24854
1168.5499
1067.0637
1303.5006
528.5865
1145.3247
1504.6074
949.24066
1152.178
480.1523
411.21405
721.0885
1008.3772
255.53452
1487.619
882.32635
740.16345
704.2394
1593.9353
702.2844
247.08858
683.5552
159.23878
468.03064
340.41135
1026.7706
997.30566
382.70074
718.3507
1019.6337
366.444
1478.8788
561.116
886.7094
887.2892
695.9743
330.74408
1200.3862
1069.1204
466.89035
749.92456
699.1191
1127.0825
922.4155
1334.7756
816.2167
1190.3811
327.55673
973.41406
995.80975
221.39415
830.8899
611.8087
448.8653
1472.8867
1433.3406
423.04092
1231.0557
1288.7483
846.03467
962.82666
1062.5736
588.23035
558.03436
447.15625
1382.398
767.0624
671.59235
643.0945
1521.8416
630.766
523.1891
930.46216
984.7346
285.5456
1092.7571
1251.0962
1049.6378
1589.9016
1366.348
1514.4705
321.45673
1092.231
387.51868
468.0578
1222.7239
1352.5507
680.0856
645.9772
492.74442
1757.0171
953.8739
595.6323
491.71143
945.2113
1386.2573
719.1093
1147.6912
410.95874
642.0192
404.5926
304.6756
734.45593
1440.4647
398.50626
398.22614
1240.4336
600.2826
433.02692
653.8687
680.4175
1029.623
1075.3711
1143.2365
2149.8289
425.7062
1590.6382
950.2264
474.15564
1215.2522
1195.081
703.6048
359.87744
1223.7917
1163.842
1110.454
549.6778
472.33676
329.4175
949.5951
456.48325
1217.0608
478.8148
796.6811
775.11273
1617.8254
1070.109
490.67715
1038.626
1556.6519
1482.068
1911.7377
1588.5966
1202.3062
999.299
166.46811
1436.1459
355.2846
1177.825
1321.0352
650.32166
910.2932
726.2154
537.9769
1036.951
2081.35
391.95502
632.9303
1156.6924
1030.4424
1636.3137
1311.0669
753.6322
882.01373
275.2608
473.36353
1191.0629
867.29047
971.14246
1214.1384
1738.9955
1142.8586
324.25677
243.4945
1323.0164
855.21277
603.6465
1235.9099
304.69104
820.433
1364.7911
768.5187
380.44186
1349.478
456.57532
1006.51685
1019.15826
1306.7495
1092.2275
722.35394
901.276
1647.7686
1092.1283
905.3983
2365.5718
265.31677
585.3736
427.62805
697.48975
2211.915
1077.2441
1291.6414
1303.4724
1579.1248
1870.1523
705.45764
1253.6174
1368.2043
889.177
1126.554
299.88147
224.65796
712.8904
1197.9674
2291.037
1069.3439
2258.0942
708.7228
1102.4207
1407.0107
1546.2214
520.1931
1132.1597
981.3787
1007.7461
1172.6166
207.62918
345.02548
991.58057
868.70593
549.481
681.3631
1108.4877
1645.3486
1018.592
662.3125
1170.299
254.78564
1210.2699
730.9374
1448.9248
279.26572
1180.4214
511.08466
470.18314
518.5065
1249.3829
600.15015
1166.244
1012.1654
1317.0906
1115.3527
1630.4014
801.5381
561.8782
690.1387
1600.0879
793.36914
1088.258
270.4267
142.29497
1155.1838
1122.704
592.8607
612.2276
931.8757
1332.1035
264.408
761.4621
612.8124
621.78705
960.7659
522.27136
1022.41364
1686.5049
1286.7057
427.4676
397.30255
628.52844
1276.4534
1303.3013
304.65326
1528.4377
1240.7769
1334.5345
1142.887
1171.6959
1044.407
334.8781
528.1991
501.39777
530.20276
1019.6139
1161.8254
610.08777
769.7643
1176.815
778.1509
2404.795
554.5145
595.7656
546.7419
1501.8263
1164.1035
847.9074
347.8341
1267.958
734.5723
2081.8105
957.3578
486.53192
1197.6176
810.75464
585.14294
1523.8843
848.6433
718.5375
541.3101
1011.00275
1392.2408
1434.1819
865.28186
514.833
660.4852
1066.2917
1020.4165
732.84033
396.0744
1993.5524
1026.2119
1193.9607
1100.3633
275.39124
989.1268
414.7108
361.9156
1117.1272
557.5235
99.1774
674.3373
1489.5381
559.565
441.5245
2418.9517
1095.4553
655.3904
1858.3116
592.3614
1091.8002
1350.3755
1027.9224
250.03207
903.66223
866.48315
860.60913
1202.7426
581.0051
673.5657
1623.7891
1051.5459
914.6448
1163.1475
1676.6094
2376.3066
1385.7568
1246.6779
1210.9789
965.258
895.0167
1024.3452
541.6339
411.14233
905.5421
725.4281
217.91101
989.05774
1094.1587
515.3785
1212.2046
1197.1052
839.6049
694.6849
441.38916
803.5776
824.2887
1144.7007
733.73724
1181.9021
947.4608
868.7784
1237.2871
464.77295
1292.1428
1322.5078
426.6079
2244.8137
812.30145
722.6373
441.7873
1008.6646
778.1217
302.48096
547.8539
970.93713
1602.6096
1508.6096
981.7813
2143.5972
602.8707
557.7767
1420.824
2321.5654
373.8437
2059.3093
1921.6929
458.72836
396.08075
1575.3088
657.26324
1405.2462
1063.8531
1530.3748
1408.7654
1553.9602
1134.4113
979.27515
920.17194
1474.012
500.34988
530.7529
553.77057
1351.2406
529.5494
933.72095
401.57236
728.9049
1019.5836
621.51794
249.74704
1279.7594
1073.5283
1052.5261
1532.1091
586.3443
1365.0782
502.097
636.80566
379.23022
694.9511
438.677
872.177
506.73407
843.76227
1084.3478
1363.1064
874.91547
2153.3638
1146.7645
1228.6879
1253.2671
431.79504
340.92737
495.22083
648.24243
629.18665
254.54587
1305.9663
1548.9486
635.94806
525.30225
1230.2988
1462.527
1171.7108
560.3743
1042.759
480.7517
1548.7288
1162.4628
480.04956
234.67079
1222.8707
453.2309
1505.1195
1240.4033
1425.5951
676.2566
256.9668
865.56305
1097.5645
1277.9951
853.05005
540.8959
646.2619
1204.2959
945.11194
1435.6555
1030.9276
430.26556
816.1526
656.33234
787.7378
1087.461
748.2075
1104.583
546.56616
510.75806
951.45386
619.4962
1322.2041
774.5443
1590.5737
1396.156
744.0774
330.3476
1307.9968
426.08246
950.50287
439.0777
894.09656
249.00493
783.41113
549.0692
918.6213
699.404
1447.1686
1597.5632
253.63205
1105.608
1249.6047
960.81836
535.3061
1034.9315
1519.8396
619.5207
444.1737
1017.99854
2238.919
1889.2172
625.98535
826.8755
656.393
778.8206
1220.0791
603.5962
1137.7175
1843.0308
1146.5872
1417.8145
505.22516
540.17163
896.96594
781.8686
641.3908
1359.0312
382.47607
765.3767
1493.3372
772.27325
434.12326
1479.9658
1494.4336
374.40152
1157.6748
852.95465
1232.3453
398.14978
1419.2257
594.532
546.09564
1127.6682
999.1365
1011.3103
1306.1346
422.39764
594.7288
1390.8075
1029.8206
1260.4066
533.478
436.0714
1436.853
1746.546
1750.0359
790.78564
132.93779
322.73877
919.2838
448.243
392.5598
1057.5315
772.6494
491.3244
200.25798
745.5405
595.2727
1291.2993
1105.4801
1215.3065
1268.7715
456.78632
1251.8304
982.8564
1174.2617
1134.6929
1130.6985
1291.804
724.28674
609.95135
898.13684
327.5061
2011.7297
250.15784
1014.15955
1192.792
1226.205
1135.721
1259.0183
1009.3202
967.66
1328.1755
1104.3486
1082.6213
610.0704
496.0564
1288.2871
531.4003
1174.8806
1109.8124
1026.3203
546.7673
403.7088
394.5902
1019.40515
649.9208
1275.9329
1234.252
1881.9219
1026.5602
820.7994
644.8477
580.4135
554.4896
1087.5314
1148.6206
916.14404
1840.9045
915.37775
1725.6165
2337.5044
540.3905
426.54706
864.16376
652.2684
686.5135
1046.6624
1474.0712
1289.1052
602.2036
860.8012
695.9876
598.46045
1445.812
1577.3042
1083.1034
1226.5741
650.68964
591.25305
347.6603
1330.8026
