1287.6576
1021.991
902.3691
1193.4509
592.9055
1285.2977
1129.1296
235.71921
1231.2751
718.0626
457.2751
878.892
365.008
1379.335
1266.0165
992.91943
1348.651
1183.7227
1525.601
371.0292
2252.172
1161.6562
364.44632
816.6282
534.39514
422.39282
1437.3093
1324.7255
859.08344
1155.3429
541.5069
462.5347
398.30954
457.81006
1375.78
325.25214
1060.7158
582.0224
2113.563
503.35956
784.1041
1513.5402
596.2139
381.65176
328.37027
445.61365
1175.2341
728.73566
561.40015
274.65393
656.2008
1463.0538
937.7053
1316.2527
927.723
795.2254
671.6272
1183.4861
483.33002
653.8652
1239.0468
336.922
302.3633
1135.4757
1485.9292
1144.9352
396.79913
1070.1715
604.81995
1275.7793
1162.8113
766.75525
1175.1711
1224.463
913.2063
897.72986
768.9076
1094.1348
488.99628
1314.4004
817.32465
1327.1346
219.59291
1158.8837
753.94446
1042.4014
876.0381
1114.6285
1007.16797
1114.9225
1353.6945
843.98413
1237.9897
2419.3076
690.533
1318.4755
608.0825
1163.6805
656.7715
698.4602
1449.3273
1101.3933
1205.1399
382.35455
1045.032
1352.1499
831.5837
737.35266
2258.9824
2381.4165
1428.6428
498.09076
794.28864
278.37793
554.5371
396.88196
2304.5796
1087.0127
1341.5417
671.7671
360.662
750.1032
1204.9072
1363.5845
1337.2277
1047.1846
388.34033
552.87634
2308.8816
854.9008
663.08435
466.8844
1021.4327
2061.3413
1225.4417
188.04323
1147.1755
614.98944
858.79913
1012.22
1328.8077
1388.0984
477.33368
755.6339
813.70703
510.86008
835.0237
1116.5898
363.52673
1285.7004
2333.3591
917.56085
983.06433
406.9776
742.50806
1087.9232
1176.1964
1420.632
899.6619
304.9339
1080.2229
1354.9685
783.05786
1077.9222
1099.7985
843.63086
2388.414
1477.3628
846.515
725.17
853.07263
364.42017
565.5768
550.3124
485.701
1545.4995
1202.7859
504.28906
1201.1694
804.24884
1495.6316
576.8778
2551.573
401.6696
2320.2393
1951.4855
1517.2312
2357.88
408.05658
1389.5948
851.6752
571.51465
1380.7217
1049.5258
212.52
354.00024
869.6239
353.55856
697.8195
1522.1833
1014.9159
1162.061
1194.2177
594.2529
300.03244
777.5688
626.10956
499.34198
384.71262
1073.3932
899.53265
557.2229
422.33255
2246.8953
1433.8816
794.92316
408.50327
644.1
1067.3115
691.0639
2188.1594
604.8897
2226.131
244.28024
1302.7115
1254.6299
2205.822
1425.773
521.1763
418.9043
1084.5554
207.94417
571.8287
1181.6572
1183.0864
1101.31
765.35443
1096.5479
2362.8167
940.6825
1115.9553
191.97148
2549.8452
1123.444
929.2765
700.29565
1360.102
1083.2798
921.06476
1279.6063
1407.4933
819.6765
750.693
551.22095
1204.3154
1029.7544
1455.0088
1502.5958
1380.537
1060.1492
1404.9814
1437.3627
677.52136
408.7589
933.75256
1016.4541
1340.3323
1018.413
835.1594
844.56445
1096.5392
1611.1635
643.4254
1125.4554
540.8894
1329.5559
541.84546
1291.5159
1126.6663
1625.0063
418.40833
1132.1318
1240.4377
500.09253
513.5113
1128.0195
520.6842
232.54663
812.3513
1155.2478
1749.2964
1372.0479
1009.70917
1124.7902
359.99084
1196.5259
1274.9757
2262.8296
682.81433
250.67722
1021.8566
1367.3767
264.27747
440.79358
1071.2626
1403.2029
756.8148
424.03888
343.6898
1356.7084
1594.9122
669.95013
558.37476
2456.1353
977.4736
966.4325
1162.2075
857.653
335.8457
341.95578
836.27405
1135.7183
973.9794
933.5228
338.9688
2437.3052
595.8949
374.94983
1319.5774
905.09985
315.50787
1081.2097
1522.5337
429.8033
1175.0525
1083.7754
1599.2384
957.23456
968.4844
923.5946
429.08865
1163.2197
1001.6282
352.3323
1110.9702
1326.5417
315.06348
607.7977
664.1666
908.91235
494.31097
598.3859
506.2681
617.10583
142.0107
395.46228
305.81335
745.319
741.20337
613.21216
694.1543
371.83612
1400.6475
813.51526
262.68182
729.4227
1579.512
1110.16
1385.8574
473.26746
299.7209
1063.2639
935.4339
986.47815
1277.1929
1119.854
506.57428
1333.1068
149.6099
384.30368
1732.7299
773.79193
492.001
205.83
1430.4971
487.5477
851.0968
1220.2874
857.5403
1073.3201
568.68036
522.4729
998.62103
1099.6182
720.7555
1028.3895
1631.1133
1071.677
868.01196
998.7724
621.58716
1504.3798
908.32764
1493.4177
735.57715
420.87823
1317.0494
671.15454
950.46216
489.16473
333.8271
988.1904
806.5322
589.9046
1587.9628
385.21982
990.3085
935.90216
448.82495
747.6964
778.5486
464.2271
384.6562
807.3857
1468.32
218.38916
1016.2972
463.2594
1043.6125
905.0317
819.4116
1059.303
954.53284
1144.8516
1092.6018
858.99194
551.88586
715.32764
1520.4558
1767.6917
877.9889
1325.9911
1065.1183
616.16315
538.0316
1368.5068
1390.6875
840.04047
1373.7546
1312.3674
461.40997
743.8141
1385.4719
528.2667
925.3639
1229.3516
1219.9934
628.93933
1225.1399
488.3049
557.7607
1145.9583
619.9596
1204.1775
777.9903
1192.5167
388.83847
978.2969
1137.6833
1184.1229
686.77
1330.1941
1077.8383
1414.1796
1021.829
1204.9224
424.33926
674.0384
468.63232
694.6457
447.71228
1272.5474
895.531
1636.2556
589.5542
573.069
718.5289
1249.0264
1243.8845
829.9895
2143.7373
588.093
388.78445
757.66437
1149.8524
1158.5195
812.6318
435.3861
1201.0739
646.7571
601.1394
1261.7399
1288.1066
985.8862
1436.691
1128.1399
455.97174
455.32227
745.65076
958.43744
1269.4286
1316.5063
492.2708
175.50476
449.28802
351.83185
1002.50055
1478.2969
333.71185
717.24097
817.572
470.64648
1597.832
853.7518
758.3466
1124.4302
1558.5952
415.39038
1146.6039
1111.514
1266.9475
619.62695
781.4102
412.1579
321.857
381.11563
737.46185
1394.0227
560.8013
748.4529
732.593
642.6286
1039.8574
2182.4058
689.0234
1096.5989
938.6521
2390.0667
494.18048
1462.3243
1446.8102
755.70276
1124.2174
974.023
970.95245
1285.6362
1058.237
717.46484
2213.713
568.7269
378.34607
1080.9098
566.5973
657.51
1741.8441
1547.7269
1314.1042
301.75052
1098.6652
249.73828
764.1117
1029.9456
1205.785
662.17957
755.68146
882.94495
382.80197
324.3023
1191.2502
729.4879
428.01056
1456.9371
1071.5731
1427.1248
888.2579
676.70764
153.45354
630.91736
1508.3911
321.84613
364.46387
493.18176
571.85486
977.73004
1055.0168
682.5423
1291.9608
1163.9559
151.7043
999.4819
551.66766
1132.2664
632.671
1241.351
1088.7441
1343.3107
1141.3444
450.92993
793.0584
709.22253
1300.8529
1332.9562
377.98343
1725.5479
344.8965
570.82
1190.05
900.8069
205.51408
807.4926
667.3515
1300.1697
532.0451
686.9872
1537.8773
1210.3286
199.96362
1210.5852
827.01733
1277.4666
517.61884
1042.2104
1282.4265
1277.1101
339.69928
1113.2489
1658.265
563.90436
1190.5608
665.9723
731.2709
764.37646
685.7988
1376.9177
1147.8865
2389.2786
924.2892
1971.5148
1218.5499
728.9657
1588.0947
1110.2136
2098.1926
594.2737
1131.71
1186.4484
759.19116
606.7006
646.1332
1486.2814
802.5384
1120.5215
462.61084
508.38104
1557.0432
494.28455
274.13214
892.0216
392.21124
1168.9186
181.88531
980.8806
863.9038
692.5872
662.4979
259.59833
557.90247
275.3423
1025.428
663.74744
1026.9961
453.0524
634.99524
1650.7236
1182.0215
1199.2831
573.6861
1100.6208
1230.3865
1039.5762
327.8059
1104.321
326.7474
379.11728
1042.9172
1432.2778
2264.5073
1488.4121
475.70956
307.34946
915.65967
735.4398
924.79156
435.18646
301.14368
767.25146
328.5774
1104.1062
1231.5867
1163.0806
1147.2025
463.8875
830.3956
1286.683
1586.8778
2152.4473
797.5225
604.26965
1034.6887
700.07996
777.24365
447.5452
783.8511
1001.93677
787.60144
1045.7434
1550.459
655.2894
572.82764
406.8658
1309.5333
537.6
501.66205
1003.96875
945.65955
884.7036
1262.1643
1101.4675
1463.4675
1000.1698
980.47485
619.29736
573.29675
597.05664
1607.9932
633.4429
1524.5696
1223.4434
1846.5045
441.02203
531.7312
935.5283
438.0056
1654.0697
566.56854
611.4825
1014.5212
1212.9509
636.7459
965.6885
1489.9312
719.4696
948.80566
1831.0138
692.43036
1182.7041
223.09058
1117.57
468.57623
1458.3635
545.65436
674.56934
1393.9053
888.7611
1477.2317
1097.9489
1100.7189
953.3231
654.7571
1191.8721
462.39337
1465.9972
1044.2935
930.95544
340.64056
1006.53876
541.4158
464.01953
848.78375
843.2855
261.674
1249.6571
1055.6328
1098.756
398.5913
599.49426
589.8148
481.87305
965.9083
742.3236
1222.0542
388.40027
1546.2217
239.71959
791.9701
742.7395
609.66693
177.47774
754.25287
706.69995
683.04694
275.3935
641.4343
786.39984
432.2099
275.64093
346.4682
740.6167
1054.874
836.8888
983.1573
1381.6338
1362.9701
730.0792
899.8428
1386.5752
1109.0867
905.1271
605.573
986.19946
1329.2435
306.5097
600.85095
465.66205
2290.4333
1059.7394
1638.9849
655.99426
448.06958
1125.5122
1156.7172
653.2859
1056.9353
1115.6809
416.30206
843.0531
582.8524
632.3841
322.60922
428.32184
782.45544
1434.5891
1104.3494
287.77463
608.1479
1261.9683
1178.2224
484.8203
392.91412
839.64276
581.29425
603
1122.1821
1183.7207
160.70598
1202.0007
951.6537
1472.2524
1014.76355
790.55676
1531.761
1245.5164
1334.3533
677.1024
837.88214
763.0258
766.95026
1221.8607
1398.1874
1187.4631
1334.8347
1112.296
1089.045
527.3144
455.37274
1498.553
388.30206
749.9668
656.85065
1209.9799
203.13452
689.67676
1736.5325
1340.5078
1195.3411
343.1728
1219.6221
475.40094
384.21426
1239.3827
1773.8429
685.8473
992.85187
977.15845
2010.8936
1045.0188
1370.8378
658.1733
1303.2659
1434.4988
1231.256
1251.4875
568.2555
1230.0029
1216.9102
1271.5979
1065.2775
1058.9291
1158.3059
857.6317
641.1936
449.79092
649.91907
826.00977
867.0528
1320.5293
671.4034
1153.9421
1012.2196
1123.968
579.1666
705.5116
755.7423
512.7148
2304.9077
543.68396
1661.7888
2289.5366
688.58826
662.73755
2163.875
1015.24133
766.0877
1989.5046
484.6139
858.3711
1066.0098
861.6878
233.36063
493.1913
1151.3981
2442.0945
462.26935
509.9608
1438.2587
1543.188
633.6365
340.48465
1430.4587
1284.0106
933.78625
1140.9208
1247.9216
1447.3438
1151.6868
357.48322
1043.902
1220.6548
233.6095
359.0854
337.4876
1459.3596
496.65674
967.9735
1000.2448
423.6891
1531.0796
404.52283
708.3272
1011.6233
1211.3851
1286.3439
1209.7981
794.78076
475.20538
720.79877
1434.0531
539.47943
467.80307
490.06018
1205.019
490.93286
1258.2284
803.3993
1072.8455
1227.4249
511.91486
1501.0579
544.8091
318.2506
1247.53
346.05948
1496.8081
799.1835
1457.6095
362.39642
1058.7767
1211.2225
1020.3881
602.4076
1467.6245
1138.1246
1459.7706
1351.6466
1280.8629
350.30927
2201.9575
475.2528
473.61124
1220.436
834.3312
1120.1588
1682.5779
1068.0468
1402.8726
2138.5337
1409.4917
610.4017
1379.1029
900.46155
460.30035
352.09076
838.2165
831.7573
1505.5054
1036.9576
534.48175
861.02295
586.6436
1149.0403
1113.854
1035.7056
502.57874
410.56885
1047.2153
796.026
434.6894
1318.1067
733.7533
422.00656
1315.4805
960.79443
847.1643
442.03284
854.36035
640.8215
438.948
816.4186
934.83496
752.55286
2379.1323
820.35486
978.4188
1328.6472
1082.5598
537.1969
1159.3325
1099.4454
1274.2496
894.0632
329.13638
329.1384
1594.1198
1376.4331
1043.1609
936.47577
785.4095
1038.447
1226.3337
1194.6575
1180.2737
1446.1797
514.5272
1195.5767
270.44406
830.1544
288.69684
472.10635
646.343
1245.3322
1208.3875
1428.6549
1148.0491
1342.0217
387.94733
690.29
864.9636
1164.7745
476.542
999.8878
948.79126
482.72418
1253.668
1249.7119
2285.3672
499.32
954.5068
372.9373
1291.4185
1200.8943
1168.5063
1519.6519
2259.6711
1440.8629
405.08508
1415.5558
522.7281
878.8329
470.8095
757.55585
1208.435
772.1836
549.5242
891.65546
429.75504
1273.103
2291.9097
858.1393
2277.457
1349.8533
1375.9542
551.13574
1374.0718
567.1795
477.9811
1308.0239
794.06665
529.3628
282.12234
1237.131
772.4979
616.92206
926.0194
256.95197
456.18134
1108.8701
304.8611
831.05676
1056.4801
1473.599
976.50916
724.8102
321.43878
1342.8185
1936.2566
579.50305
1058.1783
1430.741
391.0966
845.5681
195.27612
308.42188
971.2122
865.7468
1809.5432
1821.6477
1331.6826
586.5711
330.09518
612.9879
867.3412
1054.8018
472.16443
388.1976
346.35544
1034.7411
542.85333
1167.0577
1444.2871
707.6609
662.27124
790.9998
1093.4572
404.34436
667.7315
948.9806
1507.6423
303.43
1476.0339
1288.8628
1360.6757
530.7889
1258.4446
1265.0134
1205.3171
93.336525
728.1905
463.90033
673.91833
544.2375
1065.5996
1370.2455
1537.9072
508.96405
735.51514
835.988
506.1977
2497.1655
562.8911
643.48157
628.5493
876.40674
401.21844
707.9659
700.6871
832.92065
561.03284
1048.9407
248.38977
822.63354
997.5438
481.98706
418.40265
1085.4127
709.0509
1145.4832
1552.4585
1800.8352
531.59106
553.45795
916.9685
720.0707
865.8622
1183.2423
2094.7368
1792.8475
2397.5093
645.8788
908.43506
1031.4482
901.7086
436.90353
964.3079
624.24304
821.7577
586.17993
662.16284
308.52063
910.36554
522.2567
1275.1244
972.64514
1495.844
298.62592
938.58514
696.39514
757.67523
1126.2021
1245.9756
1444.447
1194.5449
1026.994
1197.2599
1428.034
1133.2281
1186.7372
863.9348
1103.0513
1087.879
790.3104
383.49805
1244.5178
736.13043
617.16907
1023.11383
1262.5261
349.2581
590.2002
1433.9532
447.6305
1487.109
501.4588
1616.4578
959.453
1303.7327
2215.6338
514.21375
1602.6025
814.4258
1648.8245
2077.523
1214.329
940.0017
481.42957
472.67432
1260.1233
359.96765
2282.9897
483.06305
585.0652
834.25635
958.0624
611.71204
529.77124
367.00006
1265.2236
1204.5857
383.40057
1588.0898
1321.6238
105.91279
597.884
1012.7864
2465.5562
297.10538
823.03876
1479.8672
541.9385
1226.2573
1261.4663
2341.6902
2295.595
1233.0247
666.5459
706.5376
1417.0482
564.76526
1168.2112
1066.269
1303.6079
527.3545
1144.9286
1500.4485
948.6038
1149.5792
473.03467
403.93497
715.0579
1003.04517
251.55547
1486.6407
875.60114
734.0327
700.8805
1587.4205
702.1106
241.45831
677.7947
154.57977
462.83228
333.7949
1023.3707
997.51544
378.7467
715.4889
1017.11456
360.70605
1477.1833
558.2587
883.5984
881.95984
693.2981
323.3924
1194.4579
1070.5916
462.30673
744.54877
694.12195
1123.2164
916.5675
1332.8158
811.6639
1190.0118
326.23877
971.8776
990.3025
214.77002
830.048
608.9651
443.58517
1472.6504
1429.2656
416.36133
1230.7671
1284.3905
845.0608
955.27454
1063.5719
582.78864
557.5103
440.71582
1382.8143
762.6035
671.4406
638.60016
1521.6188
630.3302
522.3721
924.7355
986.5039
278.6076
1087.896
1249.1287
1049.6957
1585.2615
1361.6472
1510.7944
317.05872
1084.5758
382.91837
461.76978
1223.7725
1347.4962
673.48474
641.8982
487.93866
1756.4216
949.40753
590.3514
490.9109
938.6238
1385.3385
718.6687
1147.7734
406.6669
633.1044
401.5609
301.39075
730.3259
1437.2207
394.04242
390.6432
1237.3793
599.51685
425.9329
650.50586
676.63367
1025.5034
1076.0863
1143.3267
2159.027
420.71487
1589.3545
946.6897
472.4992
1214.2212
1193.8053
694.87317
354.32544
1216.8118
1162.2798
1107.6643
543.4373
467.45905
328.83032
948.6576
449.7448
1216.7239
474.35718
790.03674
768.22437
1616.9581
1069.1846
485.34726
1038.5808
1548.9178
1481.5093
1906.9646
1583.9058
1195.6133
998.7865
160.51675
1432.0015
351.01898
1172.8801
1321.3696
645.75793
909.9758
725.8318
534.13806
1036.4937
2083.318
388.3562
625.3341
1149.1447
1026.2606
1630.9927
1310.8301
748.2705
876.4667
270.39914
465.19202
1190.7275
861.67316
970.70825
1208.7405
1738.2932
1141.4307
319.64578
237.41074
1318.8309
850.15515
596.7627
1235.0189
301.30035
814.8762
1358.8242
762.08813
376.82983
1348.9885
452.1147
1000.07556
1012.9376
1302.332
1087.3201
718.44403
897.48
1641.0801
1088.3749
899.267
2366.2117
261.32892
580.5596
424.42065
692.9993
2212.9653
1069.9274
1288.2794
1303.5239
1574.7607
1864.776
699.7859
1249.7555
1367.5206
883.0563
1127.8376
290.01343
218.725
707.9237
1193.8372
2286.2522
1068.8811
2258.3694
701.5579
1101.7026
1406.4625
1540.1449
514.27954
1132.7053
979.7698
999.8679
1168.9712
200.34442
343.47833
984.78973
868.05347
546.0714
677.7003
1108.78
1645.0354
1013.8209
655.56396
1165.9924
248.52823
1206.6622
723.54724
1447.2135
278.9266
1177.013
507.297
469.57928
513.6925
1242.2506
596.31116
1167.2212
1008.18506
1310.2625
1114.9111
1623.5265
795.6505
560.7018
685.46875
1599.9171
787.9503
1087.7861
270.56885
136.00018
1152.9927
1115.0038
589.41693
605.199
927.96277
1331.879
261.33136
754.9883
609.2958
614.81067
955.4055
516.19257
1018.7432
1685.679
1286.167
422.4982
391.9957
627.6653
1273.2028
1298.2168
299.79175
1523.8174
1234.7415
1334.8496
1136.4463
1167.8455
1044.496
331.44598
527.727
494.1594
522.9309
1018.65753
1156.2146
603.56903
764.61304
1173.1384
772.7667
2399.794
549.9315
589.62146
540.6372
1507.294
1163.9478
843.89746
343.09863
1266.9847
731.86664
2077.9814
956.15546
483.14114
1197.7063
810.0542
581.35376
1515.8408
847.0124
718.15204
534.8257
1010.729
1387.2648
1429.4741
858.45374
511.52478
655.3158
1065.2428
1014.8946
725.5294
390.7817
1995.5928
1019.3718
1194.7351
1094.4136
270.5963
989.2466
406.58508
358.30872
1115.227
557.10657
91.586266
674.05054
1488.5154
558.9657
435.3238
2412.9214
1091.9767
651.46686
1856.5776
588.31274
1091.5497
1345.0029
1023.85
249.03796
899.14
865.0896
855.5301
1202.2244
579.9687
669.4282
1616.0835
1043.9114
909.8546
1156.0464
1670.7778
2377.5815
1379.8468
1245.58
1210.4586
958.4754
888.82764
1024.1649
536.6958
407.32886
899.8659
720.7627
211.86737
988.71564
1092.643
510.99847
1209.7753
1196.2047
833.0164
688.86017
436.3158
803.1339
818.6824
1144.8513
729.4076
1176.68
943.6145
868.44055
1236.8474
458.9259
1290.4703
1317.4504
421.20343
2249.3538
810.5935
716.6242
437.1007
1008.3506
777.7476
301.826
543.6793
970.04236
1595.9507
1503.1172
974.23816
2138.4438
599.5545
553.2157
1419.1733
2320.564
370.2197
2058.5588
1917.9406
453.9887
390.82782
1573.4592
657.107
1399.5941
1060.0353
1529.8262
1407.528
1545.2925
1131.8903
975.1565
919.2926
1472.8358
500.0835
528.34204
548.6081
1350.4512
525.60614
927.74347
395.58667
723.1843
1014.1017
620.5142
244.8881
1273.8542
1074.1077
1051.3125
1531.6555
580.0158
1365.1377
496.71326
627.9392
371.253
686.5139
434.89066
865.14746
502.6605
843.56836
1084.9812
1359.7318
871.0481
2152.0383
1144.4597
1227.9219
1252.1914
427.80475
336.60977
490.54083
647.5445
624.61334
248.92627
1306.0824
1543.8645
632.3296
520.04175
1229.6394
1460.5374
1171.2739
553.44794
1042.8989
475.6495
1547.4591
1163.3811
476.29962
228.82939
1222.5354
453.22546
1506.0426
1238.2491
1424.968
668.6794
256.32217
862.6302
1095.7401
1272.4426
848.49365
535.2127
637.703
1204.8776
944.5284
1431.1305
1029.8091
425.965
812.8929
655.60645
785.7446
1082.616
742.5138
1103.4888
546.45544
507.43967
945.4591
615.95996
1317.1113
769.82214
1588.7775
1390.9768
740.0999
323.94196
1306.5887
423.77496
945.58453
438.33704
888.47485
245.24881
777.87494
541.4825
912.7228
697.4472
1444.4916
1589.9221
252.47032
1103.873
1249.3445
954.84735
529.66486
1034.8905
1518.0266
616.3789
443.77283
1012.6821
2239.8997
1890.748
621.0903
819.9812
651.51904
771.7146
1214.178
603.0307
1137.4023
1837.4021
1143.3381
1417.9512
497.7641
537.6937
892.52423
776.2545
638.0345
1358.2505
377.4613
760.4177
1493.1738
765.44525
429.63657
1480.7164
1489.1859
367.92267
1158.2192
848.8349
1226.7299
394.13232
1415.5417
591.9184
539.91943
1124.0496
998.61865
1008.68555
1300.3809
415.0666
588.52
1387.6248
1023.8251
1253.5503
529.5385
431.8105
1436.2783
1745.0295
1749.1621
785.72253
126.32551
319.5509
918.6436
444.40277
386.41687
1052.0774
766.40735
483.8512
195.53601
741.79156
591.41656
1291.1226
1099.4692
1211.9955
1265.9373
453.4224
1251.7291
977.13904
1174.0032
1130.2776
1130.2383
1289.0844
721.4624
604.9778
897.06726
320.7951
2010.9895
248.52617
1010.67664
1192.8536
1226.4395
1136.2219
1258.1089
1003.1153
962.9113
1328.5211
1098.0056
1078.3357
607.0115
495.23895
1281.2205
526.7995
1169.2144
1103.2568
1020.24255
543.0771
400.00287
388.70697
1018.6489
645.0454
1276.676
1232.8022
1880.3079
1022.1417
814.49664
641.83435
580.38794
551.3901
1086.8698
1147.521
914.8953
1839.4813
912.0386
1718.3928
2337.47
537.05066
419.05035
860.91705
647.5528
683.43353
1043.9377
1468.2334
1288.2402
600.89465
860.63983
693.88336
592.0618
1445.4287
1571.0868
1077.7626
1225.5793
644.0795
584.0625
341.69092
1329.7999
