1288.2185
1022.5362
902.6105
1193.4269
593.172
1286.2313
1129.129
236.37134
1231.8271
719.5807
458.36493
879.7982
365.49878
1379.3318
1266.7026
993.00525
1348.7567
1184.7268
1526.2725
371.70544
2252.5688
1162.5337
365.66736
817.34204
534.83875
422.76596
1437.3376
1324.877
859.8043
1156.1476
542.03296
462.83395
398.9883
457.93805
1376.6887
326.26285
1061.497
582.14185
2113.518
504.30695
785.37415
1513.4541
597.19775
382.3883
329.1649
446.8264
1175.7363
728.8892
561.6132
275.04633
657.1942
1463.4998
938.4408
1317.1946
928.2477
796.0733
672.4462
1183.6426
484.02942
655.046
1240.0946
337.48413
302.5954
1135.9883
1486.3165
1145.1292
397.5113
1070.9921
605.9188
1276.0642
1162.8585
767.7103
1175.6156
1225.29
913.7264
898.0104
769.5884
1094.4056
489.20447
1315.2085
818.6865
1328.463
220.42296
1159.1321
754.80164
1043.3634
877.2208
1114.8091
1007.9942
1115.7166
1353.9106
844.21387
1238.3583
2418.9434
691.81476
1319.2034
608.4072
1164.1322
657.1831
699.218
1449.5079
1101.851
1205.604
383.47372
1045.456
1352.8579
832.42175
738.04016
2259.4922
2381.5723
1428.9579
498.44843
794.973
278.87042
554.6556
398.0205
2305.151
1087.5449
1342.3787
672.20605
361.3383
750.418
1204.8987
1363.7712
1337.122
1048.0996
389.20087
553.31146
2308.9697
855.46375
664.2669
467.40408
1022.6305
2061.4414
1225.9194
188.83488
1148.2087
614.9951
858.85333
1013.2112
1328.8774
1388.6392
478.09503
756.45166
814.3402
511.5714
835.98193
1117.0958
363.7063
1285.8027
2332.9636
918.37866
983.5663
407.81055
742.7006
1088.377
1177.1072
1420.6971
900.5434
305.35443
1080.844
1355.3086
784.0344
1078.3025
1100.7957
844.65735
2388.9834
1477.7479
847.44214
725.65625
853.84076
365.08582
566.683
551.3433
486.01807
1546.1719
1202.5769
505.1441
1202.354
804.9929
1496.2915
577.197
2551.7126
402.72485
2316.9954
1951.8295
1517.937
2357.8271
408.7235
1390.2134
852.2451
572.30646
1380.8921
1050.1711
213.27258
354.799
870.6914
354.5517
698.64734
1523.061
1015.10333
1162.0603
1194.9307
594.85516
300.84442
778.2745
626.3302
500.29065
385.69568
1073.6158
899.7803
557.89404
422.5443
2246.8022
1434.1111
795.6997
409.0405
644.71655
1068.4182
691.4092
2189.1572
605.6502
2226.5942
244.79315
1303.6564
1254.5374
2206.7043
1426.251
522.11597
419.91077
1085.7236
208.6073
572.19836
1182.9596
1183.3163
1101.4943
766.2416
1097.2773
2363.2886
941.52734
1116.87
192.74435
2549.918
1123.5566
930.2469
700.51794
1360.063
1083.603
921.1302
1279.8235
1407.5985
820.3696
751.7337
551.369
1204.726
1030.9595
1455.4553
1502.5022
1380.7595
1060.9568
1405.3071
1437.4541
678.6822
408.91614
934.48193
1016.8808
1340.5159
1018.7261
835.77563
845.339
1098.0038
1612.2648
644.3079
1125.986
541.50916
1329.9282
542.489
1291.7222
1127.0657
1625.3618
419.23846
1132.492
1240.3677
500.81854
513.9246
1128.4176
522.2337
233.17345
812.31396
1155.4213
1750.3851
1372.418
1010.35535
1124.8892
360.60095
1197.1504
1275.1018
2262.7651
683.4398
251.99426
1022.2244
1367.6099
265.50046
441.66327
1071.1727
1403.926
757.9111
424.33612
344.81616
1357.3077
1595.0879
671.0699
558.65485
2456.131
978.4087
966.5747
1162.5669
857.8533
337.25516
343.5847
836.79504
1137.0438
974.7036
933.9751
339.5584
2437.688
596.5608
376.78387
1320.5342
905.3119
316.21542
1082.0131
1522.4729
430.01813
1175.4479
1084.1741
1600.371
958.4019
968.4934
924.3021
429.5921
1163.2545
1001.73096
353.12537
1111.3718
1326.6812
315.9107
608.2858
664.7584
909.4693
495.31256
598.717
507.00226
617.6164
142.95003
395.77094
306.61133
745.5819
741.9016
613.8563
694.75507
372.36
1400.9084
813.8921
263.62244
730.4607
1580.0352
1110.3339
1386.0388
473.91006
301.11545
1063.5079
936.0388
986.65735
1276.9777
1120.391
506.79224
1334.2869
150.93744
385.61563
1732.7795
774.724
492.8652
207.08748
1430.8475
488.4181
852.1336
1220.2166
857.69696
1074.2076
569.3186
523.1612
999.1992
1099.5859
721.7454
1029.1313
1632.0865
1071.9089
868.7656
999.3113
622.6148
1504.5483
908.49426
1493.3899
736.51526
421.79205
1317.8204
671.5551
951.6524
490.34915
334.3582
988.67847
807.2893
590.3944
1586.4397
385.71045
990.5675
936.19617
449.62268
748.77
779.2767
465.13907
386.0393
808.46185
1468.9479
219.57536
1016.256
464.25317
1044.4961
905.5882
819.6082
1059.9308
955.2002
1145.5347
1092.7731
859.10474
552.313
716.0225
1520.6104
1767.9829
878.65076
1326.2728
1065.9916
616.8645
538.5565
1369.5695
1391.1372
840.60925
1373.7538
1313.0096
462.2244
745.4209
1386.436
529.0177
926.1787
1230.3093
1220.1206
629.79694
1225.812
488.6736
559.30994
1145.8783
621.5241
1204.3422
778.428
1192.3723
389.4024
978.886
1137.938
1183.8602
687.3969
1330.5736
1078.3247
1415.4033
1022.0349
1205.7574
425.18274
674.48364
469.4446
695.57446
447.9644
1273.7065
896.5454
1636.3799
591.0242
573.44507
718.6664
1249.299
1243.8481
830.859
2143.6682
588.2616
389.857
757.96735
1149.9811
1159.9402
813.2623
435.68478
1201.6494
648.22266
601.41473
1263.1022
1288.3339
986.21326
1437.0577
1128.8402
456.3869
455.96786
746.45825
958.46075
1269.8186
1317.0974
492.54895
176.19827
450.3841
351.93988
1002.5907
1478.5754
335.13382
717.559
818.48083
470.8581
1598.0105
854.5835
758.9795
1125.272
1559.3618
416.01144
1146.731
1112.6412
1266.8496
620.01654
782.8552
413.2049
322.7394
381.55145
738.40564
1395.0637
561.85803
748.8833
733.0145
643.35925
1039.7485
2182.3208
690.2069
1096.7532
939.29144
2387.991
495.29272
1463.2688
1447.096
755.8911
1124.0986
974.3174
971.5739
1286.7402
1058.4803
717.9509
2213.863
569.01
379.0018
1081.5029
567.21564
657.88153
1743.2036
1548.4824
1314.6638
302.71378
1099.2751
250.73956
764.7659
1029.8184
1206.6462
662.7392
756.3694
884.03723
383.1812
325.07895
1191.7192
729.7667
428.67065
1457.2843
1071.6284
1427.3528
888.7657
676.8476
154.52591
631.7734
1508.322
322.19482
365.5362
494.11932
572.43445
977.74243
1054.9075
683.1791
1293.0833
1164.4639
152.82187
1000.07117
552.44684
1133.5654
633.59485
1241.7902
1089.1853
1343.5719
1141.5679
451.8996
794.03735
710.04504
1300.7676
1333.4097
378.64685
1726.7455
346.00055
571.38727
1190.0635
901.27747
206.22632
808.2333
667.498
1300.3755
532.96906
687.67285
1538.1906
1210.34
200.92726
1210.8037
827.5532
1277.3185
518.0414
1043.2247
1282.8442
1276.991
340.66705
1113.9486
1658.284
564.5242
1191.0067
666.60504
732.04114
764.979
686.2862
1377.1144
1148.7385
2389.9849
924.55444
1971.3497
1218.9957
729.3618
1589.4817
1110.3965
2099.1084
594.9305
1131.7246
1186.7645
759.3042
606.9809
646.8954
1486.9279
802.7456
1120.7124
463.26227
509.0058
1556.8365
494.6777
274.4364
892.5705
392.60306
1169.7891
183.13858
982.00574
865.0411
693.57904
663.22736
260.65536
558.88684
276.36395
1025.494
664.1389
1027.7793
454.2151
635.8598
1651.8801
1182.8713
1199.8445
574.91943
1100.8584
1230.544
1040.0012
328.63837
1105.5311
327.6709
379.2552
1043.2762
1432.4635
2264.9868
1489.3242
476.22205
307.83655
915.7787
736.1642
925.72705
435.25912
301.9944
768.2313
329.29254
1104.2511
1231.9823
1163.3745
1147.2637
464.6301
830.8916
1287.1356
1587.2512
2152.0208
797.75555
605.15015
1034.6125
701.0908
778.4469
447.93848
784.49634
1002.533
788.37427
1045.8337
1550.3247
656.006
573.84265
407.8473
1310.0405
538.1947
502.42868
1005.04913
946.4579
885.50073
1262.7461
1101.5928
1464.3999
1001.0021
980.62964
619.396
574.12933
597.6576
1609.8615
633.891
1525.127
1223.4407
1848.0479
441.40652
532.68225
936.28723
438.1939
1654.1084
567.197
611.8726
1015.09174
1213.2699
637.07385
966.2539
1489.9229
720.00165
949.62805
1831.9583
692.97144
1182.7522
224.08734
1118.3982
469.51285
1458.5756
546.6913
674.7152
1394.1215
889.0732
1477.6091
1098.612
1100.9984
954.23145
655.4469
1191.9551
463.07126
1466.4952
1045.1208
931.70544
340.75488
1007.0951
542.46686
464.42215
850.2854
843.3897
262.8675
1250.1643
1055.4584
1099.8483
399.3489
600.19556
590.41125
483.0083
966.41187
743.09155
1222.8787
389.29825
1546.6495
240.09552
792.1675
743.5098
610.2885
178.35834
754.68024
707.90735
683.7751
276.1721
642.21533
786.66296
433.06738
276.4558
347.41522
741.1127
1055.6545
837.3892
984.0555
1382.2775
1363.2406
730.8708
900.0097
1386.7452
1110.2286
905.9017
606.0768
986.6998
1329.3555
306.93808
601.9866
466.42612
2290.6992
1059.9644
1639.3336
657.29126
448.86288
1125.9149
1156.9536
654.0751
1057.173
1116.85
417.17484
843.5896
583.6194
633.189
323.30682
429.27417
783.10205
1434.6322
1105.5497
288.78342
608.2589
1263.2417
1178.5513
486.04614
393.76184
839.84686
581.9382
603.8398
1122.2489
1183.8488
161.64067
1202.3889
952.90234
1472.3314
1015.5646
791.3664
1532.1328
1245.3796
1334.9022
677.76105
838.36633
764.0309
767.83704
1221.8387
1399.3159
1187.657
1335.3461
1113.0426
1088.9045
528.24567
456.10846
1499.2264
388.9232
750.19995
657.11676
1210.0579
204.13356
690.73944
1737.7654
1340.549
1195.6138
344.19574
1219.5933
475.50787
384.99704
1240.5665
1774.3384
685.63293
993.6
977.57776
2011.0582
1045.6372
1370.9485
659.0864
1304.0703
1433.2307
1231.2797
1251.5061
569.13416
1230.1515
1218.2239
1271.7598
1065.6687
1059.332
1158.1365
858.18286
641.59985
450.5857
650.10706
826.47046
867.8418
1321.1777
672.1367
1154.1261
1013.37244
1124.8625
579.90344
705.63403
756.61365
513.8109
2305.0347
544.93744
1661.8663
2290.13
688.92554
663.882
2164.0642
1016.0148
766.2002
1988.9447
485.0705
858.99756
1066.4882
862.51276
233.9164
493.5871
1151.8748
2442.1553
462.61417
510.84595
1438.3193
1543.4543
633.9738
340.8294
1430.7339
1283.9832
934.27905
1141.6368
1248.2495
1447.4515
1151.8431
357.62103
1044.4238
1221.0438
234.51527
359.48267
337.794
1459.4866
497.7543
968.7372
1000.36145
425.138
1531.6567
405.36014
709.3606
1012.8337
1211.3936
1287.0194
1210.9011
795.2885
475.91095
721.7777
1433.951
539.51746
468.12286
490.9906
1206.2277
491.62122
1258.6682
804.2262
1072.7931
1227.4639
512.90564
1501.7034
545.1896
319.4642
1247.8236
346.573
1496.9912
800.31616
1458.2861
363.0416
1058.8826
1211.2367
1020.8846
602.7766
1468.6813
1138.1489
1460.1273
1352.3032
1281.4855
350.84375
2201.9268
475.3594
474.12924
1221.1669
835.3839
1120.7896
1682.7013
1068.2083
1403.1011
2138.7737
1409.7102
611.0497
1379.0686
901.6644
461.4217
352.69058
839.0917
832.9945
1505.9109
1037.6691
534.6452
862.1583
586.95215
1149.2782
1113.7512
1035.823
503.26834
411.09183
1047.8064
796.93866
435.29813
1318.1825
735.11475
422.41473
1315.829
961.59326
847.8347
443.11285
855.0419
641.60236
440.16568
817.03345
935.1103
753.23145
2378.5237
820.6117
979.26385
1329.478
1082.5459
537.5417
1159.8823
1099.5432
1274.051
894.8106
329.56573
330.14218
1593.9242
1377.5923
1043.4802
937.52655
786.52515
1039.475
1226.3042
1195.4861
1180.5371
1446.958
514.8585
1196.0498
271.15387
831.0283
289.4311
472.56873
647.4656
1245.5695
1208.3357
1428.9906
1147.9692
1342.5629
388.85223
690.9593
864.9625
1164.6096
477.63165
1000.90106
949.0128
483.67087
1254.1365
1250.2758
2286.8315
499.75275
955.4353
373.14505
1291.5452
1201.5388
1168.886
1519.5779
2259.9924
1441.4696
405.49326
1415.479
523.11
879.1967
471.27078
758.95276
1208.5718
773.1846
550.14624
892.8044
429.92722
1273.1134
2293.0176
858.53766
2277.851
1350.011
1376.0671
552.47974
1375.0563
567.3372
478.8084
1308.0862
794.14404
529.54486
282.49628
1238.1262
773.05865
618.12354
926.36127
257.7613
456.88394
1108.6882
305.79617
832.20764
1056.711
1474.4863
977.6142
725.157
322.52856
1342.7327
1936.0398
580.0847
1058.9973
1431.1423
392.36813
845.985
196.0463
309.4616
971.29626
866.68677
1810.0308
1821.7604
1331.5603
587.4558
330.93878
613.3889
868.23645
1055.3114
472.78864
388.7487
346.99042
1035.2587
543.516
1167.2059
1444.2845
708.4026
662.96643
791.2484
1093.6534
404.71213
668.46533
949.45215
1508.3665
303.89
1475.8661
1289.5757
1361.1069
531.354
1258.6261
1265.059
1206.2449
94.00581
729.0099
464.96454
675.0453
544.5065
1065.8843
1370.7799
1538.632
509.6621
735.9147
836.27454
506.84802
2497.833
563.25415
644.2565
629.2742
876.67395
402.0459
708.6603
701.1892
833.58215
562.2441
1049.5203
249.23625
823.6051
997.83527
482.8327
419.57468
1086.2075
709.9424
1145.572
1553.4052
1802.4348
532.1755
554.52747
917.17017
720.4574
866.90845
1183.6769
2094.105
1793.6857
2398.3188
646.06964
909.0973
1031.876
902.6243
438.02768
964.9824
624.464
822.6185
586.6427
662.7074
309.74692
911.2562
523.5242
1275.3206
972.84235
1495.8916
299.3858
938.9302
696.45135
757.9531
1126.8303
1246.319
1444.2202
1194.9788
1027.7693
1198.0364
1428.4471
1134.2042
1186.6259
864.0193
1103.2883
1088.1604
790.3978
384.1829
1244.887
736.7575
618.04553
1023.44745
1262.5417
350.20636
591.1574
1433.8162
448.86862
1487.3807
502.42593
1616.5841
960.32947
1303.8716
2215.8462
514.9772
1603.171
815.2307
1650.0186
2077.7192
1214.7424
940.94775
482.03424
472.70694
1260.416
360.1297
2283.3208
483.43774
586.2464
834.4377
958.5073
612.37006
529.8839
367.6855
1265.5796
1204.9519
383.70758
1588.3577
1322.553
106.78475
598.4872
1013.1038
2466.1733
298.22556
823.9635
1480.6272
542.3999
1226.5564
1262.3237
2342.4575
2296.0703
1233.1544
667.276
706.9695
1416.1838
565.4961
1168.436
1066.448
1303.6675
527.7356
1144.7645
1500.8484
948.87726
1149.9941
474.05328
405.0821
716.09204
1003.6102
252.17334
1486.7983
876.75696
734.81525
701.07684
1588.5264
702.3345
242.27698
678.7083
155.32777
463.44064
334.85312
1023.9491
997.52747
379.44263
715.78394
1017.3401
361.55634
1477.3665
558.79474
883.9712
882.69696
694.19214
324.6327
1195.2922
1070.6035
462.99277
745.3169
694.806
1123.697
917.5888
1333.2201
812.1907
1190.1953
326.79453
972.43494
991.0952
215.66925
830.32416
609.35095
444.20535
1472.722
1429.8865
417.38742
1230.8563
1285.0436
845.31415
956.4205
1063.1952
583.8262
557.86523
441.64703
1382.6339
763.15985
671.5178
639.2322
1521.6775
630.4951
522.6234
925.6521
986.3288
279.70898
1088.6487
1249.7252
1049.8691
1585.9567
1362.3434
1510.803
317.63818
1085.6837
383.7691
462.64264
1223.5232
1348.2379
674.94324
642.77454
488.69415
1756.6733
950.14417
591.10626
491.14658
939.5281
1385.6147
718.81903
1147.6912
407.16528
634.412
401.91202
301.9882
730.9355
1437.6097
394.95407
392.0955
1237.7177
599.734
426.79736
650.9983
677.08936
1025.9999
1075.8168
1143.2599
2157.1362
421.44418
1589.3746
947.2805
472.7272
1214.3041
1193.9957
696.30054
355.2094
1218.024
1162.656
1108.0671
544.3591
468.08817
329.19147
949.0491
450.8772
1216.8562
475.22064
790.7904
769.0799
1617.247
1069.2786
486.29068
1038.7124
1550.0839
1481.4897
1907.7922
1584.7969
1196.5314
998.9108
161.31146
1432.6676
351.61768
1173.521
1321.3319
646.4026
910.2426
726.19806
534.6732
1036.6091
2083.0396
388.93646
626.58813
1150.4636
1027.1097
1632.0952
1310.9485
749.24976
877.4369
271.21017
466.3741
1190.8805
862.5149
970.99493
1209.6744
1738.453
1141.7063
320.26572
238.23117
1319.3799
851.1318
597.8203
1235.1931
301.80405
815.71124
1359.7659
763.0021
377.2713
1349.1008
452.84375
1001.19617
1013.90045
1303.0659
1088.156
718.7987
897.93604
1642.2617
1088.7366
900.3833
2366.1152
261.8953
581.25574
424.7706
693.60815
2212.8032
1071.0828
1288.665
1303.5762
1575.4302
1865.8593
700.6547
1250.2733
1367.4885
884.03076
1127.6246
291.61975
219.4305
708.69183
1194.702
2286.9067
1069.1548
2258.0166
702.63403
1102.0143
1406.5337
1540.9935
515.0963
1132.6816
979.99896
1000.8788
1169.5682
201.51593
343.91577
986.0645
868.3016
546.50684
678.2199
1108.6797
1645.2078
1014.5692
656.5929
1166.6248
249.66711
1207.1272
724.72534
1447.165
279.07687
1177.7351
507.8734
469.75418
514.341
1243.4856
596.67725
1167.2764
1008.68756
1311.0228
1115.1044
1624.3145
796.59924
560.8939
686.3811
1600.0363
788.67755
1087.9146
270.66028
136.83261
1153.3354
1116.3197
589.78845
606.20337
928.5414
1331.8103
261.73926
755.8518
609.7586
615.6176
956.2322
517.0272
1019.2406
1685.933
1286.3595
423.14334
392.64905
627.9072
1273.8796
1299.0186
300.69806
1524.6589
1235.5535
1334.826
1137.441
1168.4177
1044.3967
332.00177
527.9042
495.1964
523.9308
1018.8229
1157.246
604.5448
765.28876
1173.5442
773.6549
2400.6953
550.65906
590.5923
541.5963
1506.3636
1164.0414
844.2899
343.67395
1267.2617
732.57275
2078.729
956.57324
483.7256
1197.7439
810.43774
581.9563
1517.2035
847.2538
718.3739
535.7208
1010.89154
1387.8951
1430.3091
859.3565
511.9636
655.87744
1065.5123
1015.67554
726.57056
391.66083
1995.0767
1020.6028
1194.8253
1095.3468
271.38318
989.1896
407.77875
358.75165
1115.6731
557.23193
92.29845
674.2136
1488.6565
559.201
436.20328
2413.901
1092.3635
652.02686
1857.0468
589.0174
1091.628
1345.9597
1024.3223
249.42111
899.81714
865.41394
856.06604
1202.3114
580.36676
669.94916
1617.3383
1045.2706
910.5719
1156.8702
1671.897
2377.4463
1380.4163
1245.6284
1210.5886
959.5226
889.9579
1024.3514
537.3972
407.87848
900.66815
721.4962
212.54863
988.808
1093.2031
511.64767
1210.3357
1196.6384
834.1149
689.91705
437.00073
803.2361
819.8469
1144.7874
730.2578
1177.9047
944.3568
868.6723
1236.8607
459.8147
1290.6289
1318.1049
422.00302
2248.264
811.10596
717.45953
437.87543
1008.6271
777.93365
302.0948
544.3148
970.3126
1596.8728
1503.9844
975.23474
2139.2441
600.4127
553.83093
1419.3828
2321.0068
370.70554
2058.479
1918.7323
454.58176
391.37894
1573.7236
657.29913
1400.391
1060.7183
1529.8036
1407.8301
1546.6956
1132.0712
975.6415
919.5974
1472.9264
500.21542
528.77954
549.5109
1350.9064
526.1797
928.8488
396.5619
723.9043
1014.7477
620.8272
245.62584
1274.7378
1074.0059
1051.63
1531.8464
580.904
1365.303
497.3817
629.20215
372.68622
688.02673
435.3764
866.07715
503.3757
843.7539
1085.0125
1360.3916
871.9052
2152.1797
1144.7333
1228.124
1252.49
428.28296
337.33835
491.08557
647.7396
625.43097
249.78317
1306.1453
1544.7197
632.7634
520.7027
1229.4934
1461.1843
1171.3877
554.6284
1042.9519
476.17493
1547.7548
1163.2738
476.7786
229.73871
1222.5559
453.265
1505.49
1238.4731
1425.0127
669.8606
256.60446
863.03375
1095.6064
1273.6311
849.3014
536.1767
638.8991
1204.7274
944.6737
1432.0317
1030.3014
426.56158
813.1735
655.7953
785.95764
1083.5645
743.3469
1103.7662
546.53406
507.8181
946.5553
616.3635
1317.835
770.8407
1589.3652
1391.7593
740.60333
324.9895
1306.858
424.07892
946.33435
438.68335
889.3966
245.75476
778.90247
542.8375
913.53217
697.8408
1444.9513
1591.0693
252.80217
1104.2139
1249.3925
955.8862
530.18225
1034.8986
1518.3683
616.7596
443.90414
1013.28625
2239.8892
1890.6108
621.8997
821.2107
652.2732
773.0073
1215.149
603.2494
1137.4994
1838.2897
1143.8386
1417.9209
498.97717
538.2053
893.21484
777.08514
638.5259
1358.5669
378.13028
761.0044
1493.265
766.56067
430.2329
1480.8752
1489.9844
368.80988
1158.1082
849.50055
1227.5392
394.50378
1415.8923
592.2019
541.01404
1124.5449
998.63007
1008.99677
1301.2334
415.99408
589.3717
1388.1863
1024.9059
1254.6316
530.0724
432.80847
1436.5217
1745.3315
1749.3447
786.8109
127.49903
320.3511
918.827
444.85776
387.06873
1053.1064
767.36957
484.90588
196.06102
742.3368
591.8963
1291.1284
1100.3713
1212.3947
1266.386
453.86365
1251.7874
978.1832
1174.0371
1130.8372
1130.1846
1289.5645
721.64703
605.45105
897.3479
321.7566
2011.1403
248.99649
1011.1898
1192.9613
1226.2206
1136.0907
1258.2836
1004.056
963.6521
1328.4513
1099.222
1078.9756
607.44916
495.67926
1282.5269
527.4855
1170.0938
1104.1759
1021.2477
543.59467
400.28348
389.5894
1018.8662
645.88086
1276.432
1233.1472
1880.6543
1023.07654
815.4375
642.19415
580.4694
551.7979
1087.1008
1147.7844
915.289
1839.8889
912.48474
1719.5934
2337.606
537.50977
420.4173
861.13367
648.2915
683.8733
1044.5417
1469.3435
1288.4548
601.1885
860.83734
694.17285
593.18823
1445.5918
1571.9009
1078.4556
1225.8772
645.14417
585.14716
342.66638
1330.0533
