1287.56
1021.9015
902.31287
1193.4635
592.86426
1285.1711
1129.1338
235.599
1231.1782
717.8439
457.09937
878.755
364.9298
1379.328
1265.8999
992.9019
1348.6375
1183.5491
1525.4807
370.91428
2252.0754
1161.5071
364.22464
816.50696
534.31616
422.35382
1437.3038
1324.6945
858.96564
1155.1992
541.4253
462.47934
398.18268
457.78882
1375.6256
325.08066
1060.5771
581.99713
2113.5825
503.19562
783.869
1513.5519
596.0384
381.51895
328.22546
445.4001
1175.1627
728.7019
561.3606
274.59174
656.01904
1462.9702
937.58044
1316.0898
927.64136
795.07385
671.48914
1183.4512
483.21088
653.66016
1238.8557
336.82526
302.3055
1135.3816
1485.8597
1144.8798
396.68158
1070.0336
604.63086
1275.7336
1162.781
766.5873
1175.1001
1224.3171
913.1162
897.6763
768.7919
1094.1312
488.95636
1314.271
817.09296
1326.899
219.48845
1158.8391
753.7914
1042.2225
875.81824
1114.6058
1007.01355
1114.7803
1353.6995
843.9356
1237.9363
2419.3442
690.2952
1318.3497
608.0231
1163.5994
656.7041
698.32855
1449.3064
1101.3184
1205.0588
382.1521
1044.9585
1352.0217
831.4369
737.25
2258.8933
2381.3643
1428.583
498.04477
794.16895
278.3434
554.5105
396.6781
2304.475
1086.9219
1341.4111
671.6731
360.5426
750.05225
1204.919
1363.5344
1337.2395
1047.0372
388.18292
552.8058
2308.8472
854.791
662.8806
466.81128
1021.21094
2061.3184
1225.3658
187.90564
1146.9913
614.97784
858.7758
1012.0403
1328.7969
1387.9945
477.20737
755.4962
813.598
510.7416
834.85474
1116.5094
363.48715
1285.6746
2333.4492
917.4249
982.97943
406.85635
742.4658
1087.8389
1176.0223
1420.654
899.53406
304.8487
1080.1156
1354.9128
782.88
1077.8574
1099.6294
843.44995
2388.3208
1477.3015
846.35767
725.0967
852.9343
364.32132
565.3737
550.1588
485.65244
1545.3658
1202.8435
504.1368
1200.9689
804.1285
1495.5188
576.80664
2551.5435
401.47678
2320.8313
1951.4216
1517.0957
2357.848
407.9478
1389.4933
851.5615
571.402
1380.6892
1049.4237
212.38406
353.86868
869.43835
353.38214
697.6831
1522.0321
1014.88574
1162.065
1194.0988
594.145
299.89087
777.43994
626.073
499.18182
384.5368
1073.3372
899.4693
557.10834
422.2887
2246.9023
1433.8562
794.78125
408.41504
643.98285
1067.1128
690.9815
2187.9944
604.7828
2226.0474
244.1901
1302.5496
1254.6477
2205.6948
1425.6992
521.0165
418.73022
1084.3468
207.8276
571.75
1181.4316
1183.0504
1101.2715
765.1988
1096.415
2362.7397
940.52765
1115.7881
191.8369
2549.8254
1123.4211
929.0981
700.23157
1360.1194
1083.2234
921.02875
1279.5582
1407.4706
819.5691
750.51807
551.18567
1204.2343
1029.546
1454.9141
1502.6084
1380.4937
1060.0006
1404.9006
1437.3384
677.31616
408.73816
933.626
1016.37463
1340.2986
1018.3739
835.05725
844.4305
1096.2719
1610.9675
643.2474
1125.3668
540.7842
1329.4934
541.74243
1291.4661
1126.581
1624.9264
418.25745
1132.0698
1240.4537
499.9783
513.4629
1127.9567
520.42035
232.43387
812.3478
1155.2065
1749.1016
1371.9783
1009.59064
1124.7726
359.88162
1196.4045
1274.9302
2262.8354
682.7074
250.44746
1021.78906
1367.3535
264.07538
440.63672
1071.2925
1403.0856
756.63715
423.97815
343.4839
1356.5984
1594.8701
669.76154
558.3203
2456.1035
977.30646
966.3878
1162.1448
857.6187
335.60303
341.6574
836.1852
1135.4849
973.8486
933.44934
338.8614
2437.2266
595.7814
374.6081
1319.4138
905.0609
315.41302
1081.0682
1522.5225
429.76053
1174.9968
1083.7095
1599.0542
957.0166
968.48785
923.4702
428.98846
1163.2128
1001.63074
352.19348
1110.8848
1326.5204
314.91412
607.71704
664.0619
908.8185
494.12836
598.32495
506.12616
617.01685
141.84607
395.4142
305.6865
745.25696
741.08386
613.1024
694.0686
371.75214
1400.589
813.4553
262.5291
729.24536
1579.4357
1110.1191
1385.8195
473.16705
299.47324
1063.2024
935.3341
986.4469
1277.2297
1119.7572
506.52985
1332.9036
149.38611
384.07684
1732.7134
773.61896
491.84796
205.60661
1430.4343
487.39227
850.9143
1220.3079
857.502
1073.1567
568.5736
522.3403
998.5166
1099.6115
720.5768
1028.282
1630.9343
1071.6377
867.87756
998.69037
621.3982
1504.3563
908.3046
1493.4227
735.3935
420.7084
1316.9114
671.08276
950.25
488.95483
333.72913
988.0865
806.3765
589.8515
1588.2383
385.14862
990.26404
935.83734
448.68457
747.5122
778.42206
464.07025
384.42084
807.1926
1468.2463
218.20619
1016.3146
463.09393
1043.4583
904.9276
819.37024
1059.1896
954.41113
1144.7599
1092.5697
858.96765
551.819
715.2073
1520.4052
1767.6403
877.8667
1325.9384
1064.9553
616.0414
537.93933
1368.3132
1390.7246
839.94556
1373.738
1312.2528
461.27448
743.5102
1385.3038
528.1434
925.23444
1229.1766
1219.9856
628.7977
1225.0203
488.2462
557.49335
1145.9705
619.67316
1204.1394
777.91425
1192.5432
388.7534
978.19653
1137.6312
1184.1727
686.6366
1330.1238
1077.7502
1413.9585
1021.81494
1204.7772
424.1913
673.94446
468.51044
694.4793
447.65417
1272.3369
895.35364
1636.2286
589.28766
573.00146
718.5038
1248.9768
1243.8933
829.83826
2143.7422
588.05853
388.5891
757.5984
1149.8221
1158.2708
812.53613
435.34665
1200.9705
646.51
601.0884
1261.5024
1288.0739
985.8334
1436.633
1128.012
455.9013
455.21768
745.5004
958.4517
1269.3567
1316.4019
492.25726
175.37863
449.0937
351.80276
1002.4824
1478.2465
333.4531
717.1803
817.41406
470.61536
1597.8411
853.60425
758.2534
1124.2876
1558.4521
415.31903
1146.567
1111.3083
1266.9502
619.539
781.15686
411.96494
321.70908
381.0519
737.2993
1393.8606
560.6267
748.37976
732.51404
642.5021
1039.8827
2182.4104
688.8264
1096.5753
938.5383
2390.462
493.98187
1462.1672
1446.7722
755.6607
1124.232
973.9664
970.844
1285.4362
1058.1921
717.3827
2213.6667
568.6737
378.23032
1080.8053
566.49695
657.42896
1741.6002
1547.5964
1314.0186
301.57703
1098.5833
249.56416
763.9936
1029.9664
1205.6685
662.11176
755.551
882.7599
382.73828
324.17383
1191.157
729.441
427.9051
1456.8562
1071.5785
1427.0751
888.17316
676.67334
153.26949
630.76807
1508.3984
321.77396
364.28595
493.00317
571.765
977.71643
1055.0294
682.4392
1291.7666
1163.8523
151.5118
999.3801
551.537
1132.0453
632.5083
1241.2766
1088.6666
1343.2751
1141.301
450.75586
792.8789
709.08606
1300.8702
1332.8573
377.86475
1725.3344
344.71494
570.7276
1190.0394
900.73
205.40265
807.3667
667.3285
1300.1167
531.89325
686.8679
1537.846
1210.325
199.79852
1210.5453
826.92426
1277.4894
517.54224
1042.0295
1282.3635
1277.1265
339.5223
1113.1277
1658.2533
563.79724
1190.5232
665.85876
731.1416
764.27136
685.7073
1376.8652
1147.7322
2389.166
924.24554
1971.5471
1218.474
728.8976
1587.8462
1110.1743
2098.0393
594.1532
1131.7124
1186.3757
759.16174
606.6493
646.0239
1486.1677
802.49695
1120.5024
462.49594
508.26514
1557.0933
494.2155
274.0895
891.90906
392.14114
1168.7644
181.65256
980.6605
863.70764
692.41406
662.36615
259.42062
557.73267
275.1591
1025.4001
663.67645
1026.8517
452.8357
634.8474
1650.5024
1181.8606
1199.185
573.49493
1100.5817
1230.3584
1039.5045
327.6638
1104.1125
326.59045
379.10858
1042.857
1432.2373
2264.4878
1488.2565
475.59766
307.29117
915.6259
735.31055
924.6231
435.17072
300.9876
767.0938
328.45013
1104.0828
1231.4948
1163.0269
1147.1741
463.76266
830.32587
1286.6125
1586.8093
2152.5544
797.478
604.1044
1034.7161
699.8981
777.02875
447.50143
783.72986
1001.8577
787.4708
1045.7355
1550.506
655.1649
572.64844
406.7014
1309.4335
537.49854
501.52112
1003.7884
945.5195
884.5635
1262.0729
1101.4406
1463.3066
1000.0401
980.442
619.2784
573.1546
596.9661
1607.6545
633.34
1524.4652
1223.4552
1846.2217
440.95374
531.55994
935.3943
437.95578
1654.0536
566.4717
611.4172
1014.42786
1212.9021
636.6794
965.6029
1489.9332
719.37256
948.66895
1830.8379
692.34546
1182.7002
222.92667
1117.4281
468.4251
1458.3395
545.48175
674.5491
1393.8921
888.71375
1477.1707
1097.8322
1100.6758
953.1651
654.63385
1191.849
462.28064
1465.9219
1044.1437
930.8339
340.62946
1006.44434
541.23505
463.95105
848.5127
843.2573
261.4572
1249.5803
1055.6672
1098.5608
398.46942
599.37897
589.70306
481.6676
965.8286
742.20215
1221.904
388.25958
1546.138
239.66019
791.9293
742.603
609.5477
177.31158
754.1878
706.48376
682.91736
275.2464
641.3071
786.3375
432.06128
275.4767
346.29645
740.5311
1054.7548
836.8078
983.0001
1381.5419
1362.9202
729.9375
899.81445
1386.5787
1108.8885
905.005
605.4801
986.08966
1329.2266
306.4333
600.6485
465.5248
2290.401
1059.7155
1638.9142
655.75916
447.9284
1125.4548
1156.6953
653.1662
1056.8926
1115.4755
416.1476
842.94617
582.72125
632.24207
322.4926
428.15906
782.3419
1434.5886
1104.1428
287.60828
608.1242
1261.7332
1178.1589
484.62115
392.7651
839.59705
581.18335
602.84033
1122.1561
1183.6897
160.54398
1201.9543
951.425
1472.2257
1014.62744
790.419
1531.7007
1245.5345
1334.2604
677.0094
837.79767
762.8429
766.7876
1221.8464
1398.0137
1187.4276
1334.7362
1112.1644
1089.0643
527.14996
455.2442
1498.4268
388.21942
749.9156
656.8187
1209.9648
202.96693
689.49243
1736.3047
1340.4988
1195.3047
343.0009
1219.6284
475.36877
384.08832
1239.1719
1773.7283
685.87555
992.7201
977.0631
2010.8232
1044.9141
1370.821
658.00903
1303.1357
1434.7087
1231.256
1251.4653
568.0933
1229.9734
1216.6616
1271.5725
1065.2362
1058.8555
1158.3286
857.51587
641.12494
449.64938
649.87463
825.93396
866.92975
1320.4126
671.2803
1153.9
1012.0248
1123.8649
579.04224
705.48627
755.58826
512.5154
2304.857
543.45667
1661.7622
2289.453
688.52954
662.53125
2163.8179
1015.0947
766.05994
1989.585
484.51752
858.27454
1065.9233
861.5394
233.26732
493.15344
1151.3147
2442.09
462.19
509.81854
1438.2019
1543.1593
633.57947
340.42065
1430.385
1284.0382
933.6946
1140.8264
1247.8722
1447.3157
1151.6675
357.4574
1043.8076
1220.5907
233.44698
359.01822
337.4265
1459.3425
496.46085
967.8428
1000.22516
423.43335
1530.978
404.37805
708.14764
1011.4122
1211.3955
1286.2249
1209.5985
794.6871
475.07834
720.6184
1434.0782
539.4626
467.74127
489.89584
1204.8116
490.82733
1258.1606
803.2692
1072.8468
1227.4133
511.73883
1500.9304
544.7275
318.0393
1247.4686
345.97345
1496.7765
798.9796
1457.4774
362.30072
1058.7886
1211.2172
1020.29376
602.3252
1467.4502
1138.112
1459.714
1351.5405
1280.7388
350.21835
2201.952
475.23627
473.52502
1220.3044
834.1525
1120.0457
1682.5477
1068.014
1402.829
2138.454
1409.4474
610.2882
1379.106
900.24945
460.0997
351.98868
838.0644
831.53107
1505.4303
1036.8367
534.44763
860.821
586.5901
1148.9791
1113.8579
1035.6804
502.4627
410.48782
1047.1147
795.865
434.5887
1318.098
733.4967
421.90732
1315.4178
960.6454
847.0587
441.84937
854.2228
640.70905
438.73032
816.30896
934.7692
752.4347
2379.271
820.3017
978.2741
1328.503
1082.5616
537.1376
1159.2325
1099.4265
1274.2502
893.93225
329.07333
328.96906
1594.167
1376.2166
1043.096
936.2923
785.1996
1038.2665
1226.3414
1194.5037
1180.2069
1446.0402
514.46936
1195.4891
270.32605
829.9885
288.56787
472.0431
646.1498
1245.2886
1208.3993
1428.599
1148.0673
1341.908
387.78928
690.17456
864.96594
1164.7893
476.3388
999.7058
948.73254
482.55396
1253.5892
1249.6195
2285.176
499.2468
954.3493
372.89297
1291.3893
1200.7765
1168.4272
1519.6606
2259.6953
1440.7576
405.01166
1415.5605
522.6659
878.7715
470.72803
757.31696
1208.4052
772.0127
549.42505
891.4652
429.72263
1273.0956
2291.713
858.06824
2277.4019
1349.8206
1375.9265
550.9005
1373.8965
567.1609
477.82578
1308.0114
794.04285
529.3179
282.0595
1236.9539
772.40155
616.72217
925.96405
256.80804
456.0644
1108.9009
304.70587
830.84784
1056.4397
1473.4406
976.2978
724.7273
321.24783
1342.8379
1936.2837
579.41064
1058.031
1430.675
390.8695
845.4996
195.12193
308.2309
971.16656
865.5806
1809.4529
1821.6183
1331.6875
586.42035
329.95416
612.8954
867.19385
1054.7126
472.04947
388.08878
346.24243
1034.6455
542.7302
1167.0197
1444.2908
707.5191
662.13696
790.96216
1093.4182
404.28088
667.6007
948.8854
1507.5149
303.34866
1476.0695
1288.7478
1360.6077
530.6941
1258.4113
1264.9968
1205.181
93.22414
728.0508
463.71686
673.71655
544.1758
1065.5349
1370.1179
1537.7887
508.83905
735.448
835.92163
506.0872
2497.061
562.8268
643.35535
628.42194
876.3503
401.07507
707.8439
700.60974
832.8016
560.8325
1048.8169
248.25746
822.4403
997.5003
481.83716
418.19458
1085.27
708.9088
1145.4733
1552.292
1800.5476
531.5029
553.2759
916.9342
720.00916
865.6743
1183.1726
2094.8535
1792.7246
2397.38
645.8325
908.31494
1031.3801
901.5673
436.6756
964.2246
624.1958
821.6053
586.09985
662.07404
308.31314
910.2167
522.0299
1275.0641
972.59827
1495.8132
298.4978
938.52185
696.388
757.626
1126.0913
1245.9038
1444.5204
1194.4683
1026.8612
1197.1096
1427.9563
1133.0527
1186.7535
863.9061
1103.0273
1087.8293
790.3617
383.37692
1244.4482
736.0226
617.0176
1023.05365
1262.5283
349.0752
590.02826
1433.9739
447.40985
1487.0742
501.29034
1616.4327
959.2949
1303.7395
2215.5784
514.08997
1602.4961
814.28217
1648.6003
2077.5085
1214.2539
939.8291
481.3252
472.66748
1260.0618
359.92902
2282.91
482.99265
584.8452
834.21826
957.9869
611.60046
529.7411
366.88123
1265.1523
1204.5211
383.35803
1588.0393
1321.4648
105.74904
597.786
1012.71497
2465.4521
296.90564
822.88464
1479.736
541.85626
1226.197
1261.3271
2341.5479
2295.5159
1232.9945
666.412
706.4564
1417.1912
564.64276
1168.1549
1066.236
1303.6035
527.2721
1144.9653
1500.387
948.5413
1149.5078
472.8588
403.75354
714.8777
1002.9754
251.43973
1486.6146
875.3939
733.8972
700.84094
1587.2214
702.05505
241.31671
677.6341
154.44836
462.72815
333.60837
1023.275
997.50073
378.62213
715.4332
1017.0766
360.56003
1477.1555
558.17255
883.5371
881.84106
693.11304
323.17773
1194.3125
1070.583
462.19382
744.4116
693.9978
1123.1499
916.38477
1332.7505
811.57294
1189.9752
326.11407
971.7648
990.16724
214.62463
830.0028
608.90283
443.47406
1472.6348
1429.1548
416.18103
1230.7546
1284.287
845.0066
955.07666
1063.6531
582.6031
557.43854
440.56082
1382.8433
762.5061
671.42194
638.48157
1521.6042
630.296
522.3303
924.567
986.52954
278.41388
1087.7611
1249.0114
1049.6725
1585.151
1361.5194
1510.807
316.9574
1084.4033
382.76337
461.61865
1223.8223
1347.3671
673.20996
641.7368
487.8024
1756.4224
949.2703
590.2223
490.87988
938.47046
1385.2886
718.6393
1147.7893
406.5885
632.8673
401.49408
301.2781
730.22394
1437.159
393.88147
390.3763
1237.3375
599.47144
425.80362
650.4149
676.5547
1025.4258
1076.1757
1143.3385
2159.3618
420.5907
1589.4507
946.5739
472.45978
1214.2046
1193.779
694.6211
354.16354
1216.5903
1162.1973
1107.5951
543.2783
467.35022
328.7429
948.5656
449.5504
1216.6956
474.2104
789.9417
768.08105
1616.9067
1069.1775
485.17438
1038.5483
1548.7205
1481.5333
1906.811
1583.7657
1195.4604
998.7522
160.38377
1431.8906
350.91263
1172.777
1321.3787
645.65063
909.919
725.7558
534.04553
1036.4639
2083.3774
388.25412
625.1152
1148.899
1026.1011
1630.781
1310.7957
748.09534
876.2882
270.2724
464.99078
1190.6868
861.5535
970.6417
1208.5797
1738.2396
1141.4331
319.5372
237.29526
1318.7374
849.98145
596.58105
1234.9836
301.22614
814.7258
1358.6626
761.9336
376.74728
1348.9714
451.98755
999.8712
1012.7701
1302.2014
1087.1729
718.36975
897.3987
1640.8555
1088.3206
899.06824
2366.2153
261.23428
580.4362
424.3602
692.8877
2213.017
1069.7281
1288.2112
1303.522
1574.6451
1864.5757
699.63745
1249.6735
1367.5273
882.90765
1127.8676
289.72342
218.60576
707.7892
1193.6704
2286.1333
1068.8164
2258.4448
701.36194
1101.6418
1406.4537
1539.9916
514.154
1132.7498
979.7428
999.68665
1168.8582
200.13477
343.40344
984.57104
868.00244
545.99194
677.61255
1108.7981
1645.0172
1013.68317
655.3796
1165.882
248.33556
1206.5874
723.3324
1447.2283
278.8969
1176.873
507.19617
469.54184
513.5886
1242.0356
596.2511
1167.208
1008.09717
1310.1396
1114.8704
1623.3911
795.48553
560.65576
685.3029
1599.8922
787.83014
1087.7634
270.5453
135.84872
1152.936
1114.7571
589.3506
605.0293
927.86804
1331.8882
261.25055
754.8433
609.2176
614.6726
955.26184
516.048
1018.6527
1685.6383
1286.13
422.3889
391.88876
627.62134
1273.0879
1298.0798
299.63358
1523.6589
1234.5985
1334.8512
1136.2614
1167.748
1044.5216
331.35336
527.6896
493.9842
522.7615
1018.64954
1156.0265
603.39136
764.4924
1173.0737
772.6138
2399.6184
549.79694
589.4522
540.478
1507.4185
1163.924
843.835
343.00198
1266.9274
731.7395
2077.8457
956.0831
483.03152
1197.6978
809.9806
581.2467
1515.584
846.97174
718.1027
534.6697
1010.69965
1387.1614
1429.3357
858.3044
511.44946
655.21423
1065.2112
1014.75507
725.3544
390.63248
1995.6775
1019.14746
1194.7122
1094.2457
270.4717
989.2546
406.37668
358.2306
1115.1664
557.0669
91.51645
674.00995
1488.4716
558.93274
435.1704
2412.774
1091.9213
651.3646
1856.4899
588.1894
1091.5226
1344.8364
1023.772
248.95546
899.0383
865.04114
855.4447
1202.238
579.8884
669.35657
1615.8765
1043.6656
909.72925
1155.8972
1670.5599
2377.6646
1379.7521
1245.5632
1210.4274
958.2842
888.63574
1024.1284
536.58417
407.23438
899.73047
720.632
211.75491
988.7047
1092.5425
510.88403
1209.6832
1196.12
832.82086
688.6687
436.19696
803.11414
818.486
1144.8785
729.2648
1176.4463
943.478
868.37964
1236.8357
458.77026
1290.4839
1317.3387
421.063
2249.6313
810.47864
716.4856
436.95892
1008.29517
777.71027
301.7676
543.56946
970.0066
1595.7847
1502.9663
974.08295
2138.3037
599.3861
553.112
1419.2017
2320.4722
370.13318
2058.5554
1917.7916
453.88794
390.739
1573.4171
657.05066
1399.4673
1059.8953
1529.8324
1407.484
1545.0336
1131.8586
975.0811
919.23535
1472.819
500.05356
528.2753
548.44666
1350.3599
525.511
927.5431
395.41336
723.0624
1014.008
620.4297
244.74763
1273.6947
1074.1775
1051.2386
1531.6274
579.87823
1365.1069
496.60388
627.72644
370.9942
686.2679
434.81378
864.98926
502.526
843.5408
1084.982
1359.6184
870.8867
2152.0112
1144.4147
1227.8728
1252.1407
427.72476
336.4829
490.4521
647.50824
624.46643
248.7721
1306.0557
1543.7148
632.25916
519.9347
1229.6854
1460.3835
1171.2507
553.2388
1042.8804
475.57007
1547.3926
1163.3958
476.22375
228.68602
1222.528
453.2141
1506.0918
1238.206
1424.9645
668.4811
256.24774
862.5598
1095.7544
1272.2275
848.3559
535.04193
637.50464
1204.9071
944.48267
1430.9606
1029.7065
425.8601
812.8469
655.5692
785.7136
1082.431
742.3732
1103.4397
546.43024
507.37744
945.26514
615.8948
1316.9973
769.63727
1588.6874
1390.8414
740.0085
323.7619
1306.5374
423.71796
945.4573
438.2708
888.30646
245.15822
777.69366
541.2472
912.58923
697.3673
1444.4065
1589.7227
252.39786
1103.8097
1249.3446
954.68054
529.5851
1034.8799
1517.9485
616.31604
443.74902
1012.58563
2239.8384
1890.7554
620.94434
819.7936
651.3967
771.48
1213.9991
602.9987
1137.3778
1837.2498
1143.2528
1417.9686
497.5468
537.5905
892.4013
776.1043
637.93744
1358.1892
377.34448
760.32056
1493.14
765.24207
429.5265
1480.711
1489.081
367.76926
1158.2703
848.7119
1226.5867
394.06342
1415.4819
591.8694
539.72284
1123.9629
998.62976
1008.6285
1300.2301
414.92676
588.3804
1387.5201
1023.6278
1253.3702
529.4418
431.61972
1436.2174
1744.9631
1749.1205
785.526
126.12236
319.3815
918.6056
444.32077
386.30304
1051.8862
766.23413
483.69348
195.46284
741.6958
591.3421
1291.1217
1099.3169
1211.9263
1265.8567
453.34735
1251.7135
976.9521
1174.0066
1130.1865
1130.2307
1288.9946
721.4303
604.89795
897.02844
320.6264
2010.9517
248.43864
1010.58093
1192.8367
1226.4578
1136.2544
1258.0693
1002.9437
962.78125
1328.5312
1097.7788
1078.2139
606.9319
495.14075
1280.9832
526.67834
1169.0662
1103.0901
1020.0667
542.9825
399.94806
388.55637
1018.60754
644.8915
1276.7275
1232.7369
1880.24
1021.9581
814.3365
641.7709
580.374
551.33057
1086.8292
1147.4806
914.8002
1839.4226
911.9651
1718.1727
2337.4443
536.9786
418.8022
860.8881
647.4278
683.35815
1043.831
1468.0312
1288.202
600.81976
860.6319
693.827
591.8539
1445.3751
1570.9473
1077.6367
1225.5386
643.89355
583.8797
341.52
1329.7432
