1290.7423
1024.3159
902.74634
1194.2789
593.504
1289.1985
1129.3738
238.6431
1233.8936
724.75415
462.6773
883.3738
367.55667
1379.1599
1268.908
993.13074
1348.8573
1188.0209
1528.7246
373.98834
2253.165
1166.2467
369.65857
819.47644
536.4595
424.01813
1437.4783
1325.947
862.969
1159.3058
544.48517
463.4636
401.1778
459.28625
1379.9595
330.0638
1064.4319
582.58435
2113.25
507.7221
788.7406
1513.5897
600.6055
385.27512
331.8147
450.79865
1178.4224
729.0997
561.7614
277.77545
661.05634
1465.1017
942.04016
1320.5583
930.7076
799.40247
675.41376
1183.8496
486.46594
659.52747
1243.5477
339.66504
303.06247
1138.694
1486.7047
1146.0986
400.48132
1074.1327
609.78186
1277.3616
1162.8097
771.58044
1177.8362
1228.4916
916.2771
898.30133
772.0985
1095.995
489.3808
1317.7261
823.1859
1332.6425
223.98561
1159.6774
758.32446
1046.4299
880.7388
1116.0254
1010.61664
1118.408
1354.3574
844.2728
1239.8105
2417.8472
695.7219
1322.1678
610.6749
1166.2942
658.65063
701.75995
1449.9044
1103.7534
1207.1572
387.26807
1045.8494
1355.402
836.1333
741.2842
2261.9243
2383.1367
1429.6317
498.8828
796.33154
280.9968
554.6736
401.7442
2306.9067
1090.4646
1345.0706
673.16235
364.07318
751.17737
1204.4783
1364.0048
1337.28
1050.5042
392.20453
555.39514
2308.8262
856.7897
668.3819
470.3792
1026.5027
2061.501
1227.685
192.02052
1151.8055
614.7169
858.6096
1017.063
1328.8961
1389.7354
480.26062
759.4569
817.92065
515.0311
839.8058
1119.4778
363.83063
1286.0857
2332.061
921.6518
985.87976
411.05344
742.9979
1090.1713
1179.3286
1420.6016
903.8869
306.0231
1083.1411
1357.4435
786.76917
1079.3469
1105.1034
848.3368
2391.1992
1479.95
851.1889
728.37463
856.5638
368.52716
569.76605
554.98706
487.40604
1547.7448
1201.7562
507.82782
1206.6136
807.8307
1498.4772
577.4308
2551.8203
406.49292
2310.5693
1952.3701
1520.0845
2358.2478
411.2708
1392.931
853.96387
575.7481
1381.0118
1052.8351
215.76227
358.18878
874.0132
358.28668
702.44037
1526.5737
1015.843
1161.6322
1197.7512
597.0507
303.3796
780.79785
627.35486
503.72766
389.15286
1073.6161
899.43066
560.6912
422.9325
2246.7014
1434.7711
798.321
411.62256
646.4407
1072.0289
692.2527
2192.9307
608.8916
2228.2861
247.15881
1307.1113
1254.394
2210.1138
1429.2441
526.3615
422.77744
1089.3031
211.03828
572.8265
1187.3191
1184.7043
1101.4104
769.88354
1100.0807
2365.4617
944.62573
1120.4319
195.82045
2550.3162
1123.9094
933.2469
700.967
1360.2759
1084.9705
920.38025
1280.6223
1408.0535
822.76984
756.4634
551.81824
1206.2173
1035.2229
1456.0524
1502.0819
1381.5515
1063.3992
1406.1404
1437.5107
683.04956
409.97806
937.08954
1017.7289
1340.905
1019.22986
837.8446
848.4094
1102.9589
1616.2986
645.88086
1128.767
544.1835
1330.747
545.59753
1292.2834
1128.0144
1625.6155
421.76053
1134.1497
1240.2612
503.59848
516.19434
1129.5906
527.7799
235.52551
812.1489
1155.8694
1754.0647
1372.9465
1012.8571
1125.133
363.43997
1199.1735
1275.419
2262.6091
686.2893
256.73492
1024.0234
1367.9358
269.51944
444.69843
1071.4313
1407.074
761.80994
424.72665
348.5196
1359.6646
1595.27
675.06384
559.4851
2456.5017
982.4234
966.15674
1164.3914
858.9568
342.35123
349.0045
838.8489
1141.3472
977.0928
936.00085
341.86682
2437.9468
599.30316
381.98535
1324.302
906.32153
319.1029
1084.7838
1521.7218
430.1793
1177.2659
1085.9338
1604.4515
961.88104
967.86365
926.9573
430.3387
1163.072
1001.3456
356.17014
1111.9336
1327.2273
318.87857
610.2482
667.4275
912.0067
498.6798
600.2878
510.4098
619.8599
146.618
397.62302
310.3794
746.0038
744.79895
616.52954
697.6467
374.31458
1401.7974
815.6245
266.97485
734.30316
1582.7115
1110.7504
1386.4413
476.42062
305.79907
1063.4421
939.52563
987.6925
1276.1392
1122.5059
507.1564
1338.4603
155.45662
389.94745
1732.5356
777.67206
495.89764
211.69893
1431.9664
492.21213
855.92773
1220.4559
857.631
1076.7775
572.0785
525.0075
1001.0955
1099.8488
724.7613
1031.8834
1635.9382
1072.4819
871.7438
1001.5775
626.4917
1505.5344
909.00244
1493.5483
739.03284
424.82413
1321.5039
672.4175
955.7075
494.7489
337.1187
989.56866
808.7001
591.8486
1581.9536
388.42133
991.64124
936.70966
452.4635
752.25244
781.90393
468.69437
390.49646
812.2146
1471.5938
223.62798
1016.5725
468.05148
1048.3113
907.81885
820.1824
1062.3698
957.6389
1148.1459
1093.682
859.4236
554.5824
718.44507
1521.1509
1768.754
880.88196
1327.4161
1069.0386
620.53015
540.4136
1373.0955
1393.0621
842.8781
1373.408
1314.6245
465.31952
750.4914
1389.7776
532.13367
929.3851
1233.7158
1220.7278
633.3191
1228.6101
490.4432
565.17236
1145.6818
626.57117
1204.6646
780.16956
1192.3871
391.74185
981.3874
1138.5481
1183.1248
688.8058
1331.355
1080.117
1419.4644
1023.5597
1208.3835
427.61996
675.47565
472.73767
698.4658
448.64642
1277.9347
899.96075
1636.9644
596.0545
575.78827
719.0911
1250.7131
1243.8834
834.29517
2144.0847
588.666
393.81897
758.46594
1150.2836
1164.8481
814.7311
437.66644
1204.1348
653.8418
602.67773
1267.6031
1289.0175
987.8271
1437.8798
1131.5256
458.20108
459.13718
748.6565
959.0544
1271.5344
1318.9899
493.7947
178.51514
454.12628
352.2951
1002.3779
1479.7814
339.93884
717.8571
822.1144
472.47546
1598.738
857.67487
761.6775
1128.3989
1561.6833
419.0486
1146.8772
1116.1578
1266.3396
620.8788
787.49
416.3138
326.54254
383.26233
742.2095
1398.6505
565.58246
750.92505
734.9063
646.358
1039.3596
2182.4873
694.6636
1097.5363
941.69995
2382.1567
498.884
1466.3542
1447.9092
756.31116
1123.8116
974.49365
973.77686
1290.282
1059.7202
720.28394
2214.249
569.391
381.34552
1083.6548
570.2323
658.7206
1747.9294
1551.6113
1318.4851
306.17004
1102.188
253.81168
767.5043
1029.7582
1209.7853
665.43524
758.84717
888.023
385.44165
328.40106
1192.5298
731.26416
432.28055
1458.7295
1073.3013
1427.66
891.8031
677.2088
158.37244
635.1222
1507.9166
322.64813
370.11682
496.76642
574.48114
977.51337
1054.9136
685.7969
1297.1356
1165.2139
156.51198
1002.5498
555.7203
1138.3843
636.53503
1243.1556
1090.5812
1343.243
1142.0361
455.2539
797.07556
713.52185
1300.7772
1333.6392
380.83826
1730.8387
350.25998
573.82477
1190.0616
903.83887
209.46167
811.2229
669.49365
1300.7505
536.1681
690.1342
1539.4185
1210.2252
204.64415
1211.2228
829.65247
1276.839
519.8602
1046.4247
1284.9978
1276.4885
344.1683
1116.7428
1657.8884
567.2779
1193.2543
668.77075
735.20636
767.38513
687.91504
1377.5745
1152.0447
2392.4229
926.0528
1971.6494
1220.8113
731.15186
1593.8014
1110.6213
2102.6187
597.20917
1131.7638
1187.1367
759.5797
608.5698
649.741
1489.9075
803.553
1121.1135
465.5752
510.22583
1556.6589
496.22137
276.15283
893.80566
394.22223
1173.1802
187.26443
985.0785
868.41754
697.4127
665.85297
264.3145
562.40796
279.38657
1025.7025
665.88007
1030.3699
458.17853
639.07074
1655.3247
1186.6252
1201.8096
579.7223
1102.2721
1231.1117
1041.8945
331.83902
1109.6782
331.28607
381.4335
1045.532
1432.8691
2266.3928
1493.3052
478.14557
309.91995
916.03894
738.9591
929.0276
435.64084
305.53
771.98364
331.66675
1105.0807
1232.5427
1164.6478
1147.4661
467.33252
832.9971
1288.7362
1587.6198
2152.166
797.8026
609.0536
1034.0181
704.3281
782.132
449.58356
786.45264
1005.17584
791.42505
1046.1764
1550.0654
658.7344
576.92773
411.82574
1311.0165
540.90955
504.86145
1009.23975
948.6061
888.19666
1265.1959
1101.9124
1467.624
1004.2599
980.7775
619.38293
577.185
598.86847
1614.7783
633.63086
1527.962
1223.3882
1853.4911
443.0672
535.80835
938.19037
438.31213
1654.2225
569.7174
613.3414
1016.2948
1213.8749
637.53705
968.93176
1490.5957
721.9973
953.2655
1834.8413
695.0619
1182.8839
227.84781
1121.3154
473.05328
1458.8997
550.2754
675.9888
1394.6797
890.9157
1480.0895
1101.3391
1102.177
957.6453
657.78094
1192.0707
465.77368
1469.294
1047.3921
934.9481
341.75195
1009.0897
545.67
466.41913
854.79346
843.43604
266.30313
1252.24
1054.3347
1103.487
402.29202
603.38513
593.0216
486.66833
968.9166
746.2639
1225.8115
393.20462
1547.2402
241.92863
792.5654
746.431
613.4
181.73174
756.71716
711.21405
686.20685
278.50104
645.0118
786.7973
436.41507
278.002
351.5749
743.30444
1058.9921
840.8017
987.6704
1384.7144
1364.3348
733.75885
900.38184
1387.57
1114.1162
909.3793
608.2549
986.9696
1330.7261
308.55182
606.0811
469.40735
2291.2153
1060.1353
1639.92
660.3264
451.6972
1127.7734
1157.7712
656.58105
1057.5801
1120.7843
420.73547
843.83984
586.55994
636.0245
326.54352
432.52853
785.9723
1435.8756
1110
292.55637
608.52136
1266.9436
1179.4575
490.87604
396.97815
840.0297
584.20496
606.3288
1122.2192
1183.9663
165.28722
1204.0928
956.64246
1472.2473
1018.8426
794.3967
1533.9153
1245.659
1337.1417
680.3126
840.92456
767.62854
771.10205
1220.9803
1403.3778
1188.2719
1336.8322
1116.1439
1088.9697
531.55865
458.85406
1501.2485
392.54205
750.91565
659.3192
1210.0283
207.92406
694.4409
1741.515
1340.844
1197.45
347.74213
1219.6514
475.772
387.88333
1244.3843
1775.1577
685.3715
996.7395
978.121
2011.906
1048.0654
1371.2103
662.1255
1307.8615
1429.1691
1231.4502
1251.6372
572.17334
1230.8644
1222.104
1272.5952
1067.2961
1060.831
1157.3994
859.0051
642.36255
453.78204
650.43866
828.14856
870.93884
1323.5754
675.6162
1154.1001
1017.41327
1128.1293
583.1135
706.3058
759.80676
517.22656
2305.1973
548.94257
1662.0559
2291.9517
689.4868
667.5346
2165.0527
1017.84827
766.2811
1987.776
485.4679
861.88574
1068.3312
866.0411
236.20085
495.6067
1152.9196
2442.3525
463.13477
514.47217
1437.6742
1543.6985
636.39655
342.3009
1430.7441
1283.5132
935.22235
1144.4087
1250.0144
1447.6655
1152.0184
357.84027
1046.5334
1222.8069
237.86461
361.36642
338.2354
1459.6887
501.1493
971.6289
1000.73236
429.70102
1532.7172
408.76572
713.05383
1016.73303
1211.0048
1290.0835
1214.7766
797.4535
478.67365
724.98663
1433.6426
539.701
468.67618
494.52792
1210.5857
494.5802
1260.7542
807.1833
1072.489
1227.8802
515.97485
1503.1702
545.77826
323.84537
1248.8604
348.41495
1496.8297
804.09247
1459.9114
365.5105
1059.2991
1211.1617
1021.70654
603.0278
1472.8224
1138.4203
1461.8881
1355.176
1282.0099
352.98093
2201.279
475.39807
475.83713
1224.3276
838.8733
1122.3468
1682.8037
1068.587
1403.8176
2139.302
1410.1621
613.2349
1379.0974
905.8606
464.9987
355.2826
842.65515
837.0688
1506.9949
1040.0581
535.0596
865.69
588.47406
1149.8522
1114.3939
1035.9619
505.89325
413.07623
1050.0616
799.9767
438.00623
1318.4578
738.8918
423.0103
1317.0796
963.2857
850.6982
446.9398
856.65906
645.07886
444.19363
819.5067
935.5625
755.79065
2378.3423
821.2806
982.8093
1332.3741
1082.7095
540.0701
1162.6434
1099.8188
1273.0281
897.6529
332.11768
333.83408
1593.0483
1381.4657
1043.9279
940.93677
790.01013
1043.5116
1226.4287
1198.5093
1181.308
1450.3956
516.6779
1197.7441
274.30353
833.4331
292.3347
474.8866
651.3596
1245.9795
1208.261
1429.6139
1148.0734
1343.8483
392.19278
693.9015
864.90643
1164.5927
480.88184
1005.15283
949.5773
487.30115
1256.0508
1253.0942
2290.835
501.7127
958.5372
373.21216
1291.7041
1203.6593
1169.496
1519.3755
2260.3281
1443.8505
407.1792
1415.0361
524.8165
880.8545
472.23535
763.61536
1208.9087
777.0268
552.2498
896.6132
431.37738
1272.9692
2296.432
860.4651
2278.5542
1350.1569
1376.2935
557.3822
1378.4756
567.96375
481.4772
1308.9636
794.0548
529.9795
284.38235
1241.3354
775.8976
622.7047
927.09753
260.60864
459.8408
1107.8756
309.1981
835.3709
1057.3113
1477.6655
980.74255
725.4254
326.75006
1342.7002
1935.023
582.7875
1061.5645
1431.6199
396.66196
848.2313
197.82178
312.81308
970.7717
869.83777
1811.1764
1822.0374
1331.5017
590.46594
334.011
614.31415
871.5256
1057.6611
475.0683
390.0576
349.16623
1037.0931
545.1382
1167.2275
1443.8894
710.9953
664.87976
792.4972
1093.9788
406.4638
671.4356
950.0575
1511.157
305.81277
1475.2404
1292.7084
1364.2952
533.50464
1259.2195
1265.0696
1209.9463
96.70001
732.0681
468.70685
679.6238
545.41614
1066.233
1372.1769
1541.5579
512.33514
737.96796
836.8346
509.14423
2500.6106
563.83435
647.20166
632.16003
877.15674
405.55127
711.1873
703.4481
836.0439
566.3092
1050.2773
253.23708
826.17004
999.9413
485.82172
423.47092
1088.5347
713.0066
1145.8816
1556.6377
1807.7188
535.31213
558.37915
917.5724
722.08795
870.8774
1185.2666
2093.1863
1797.083
2401.37
645.9158
911.29333
1033.6576
906.04974
440.78827
968.13086
625.0255
825.9142
588.6749
664.62946
313.6843
914.95074
528.5445
1275.384
973.0938
1495.8157
302.39435
940.4199
696.697
758.14374
1129.3087
1246.9481
1444.6935
1196.5149
1030.6492
1200.6895
1429.1011
1137.751
1187.0596
864.5925
1103.8188
1090.1963
791.4409
386.80408
1245.5996
738.94275
620.87524
1024.3083
1262.6682
353.15726
594.6043
1433.463
452.9801
1487.6644
505.95023
1617.1875
963.55237
1304.5564
2216.2244
518.367
1604.4839
818.0062
1653.7708
2078.8796
1216.0769
943.80286
484.85812
472.82538
1261.0702
360.45258
2283.7437
485.5876
590.60474
834.63696
960.6072
614.9453
530.09973
370.1963
1266.1487
1205.9336
384.71472
1588.9524
1325.7983
109.562675
600.89056
1013.0917
2468.5752
301.9754
827.57324
1483.4506
544.12213
1227.312
1265.3213
2345.6357
2298.191
1233.4764
670.1083
709.3153
1414.02
568.0519
1168.51
1066.8431
1303.6903
528.3791
1145.096
1503.0793
949.14655
1151.404
478.07996
409.3241
719.5262
1006.45404
254.32791
1487.4282
880.7075
738.25684
702.7667
1592.1763
702.30176
245.43365
681.9651
157.83012
466.25436
338.68335
1025.836
997.4684
381.6187
717.24664
1018.53076
364.63525
1478.1318
560.3878
885.6703
885.6895
695.72363
328.79916
1198.4111
1069.8242
465.5528
748.3075
697.5429
1125.8392
921.09
1334.3623
814.7328
1190.3486
327.75253
973.33435
994.2224
219.29208
830.82184
610.9104
447.226
1472.8049
1432.1758
421.19345
1231.0444
1287.5498
845.7875
960.67914
1062.5972
586.8262
558.31366
445.3104
1382.1145
765.6355
671.6355
641.5836
1521.7872
630.6878
523.19116
928.7516
985.10364
283.67133
1091.3882
1250.7534
1049.8806
1588.5842
1364.9159
1512.7646
320.06003
1089.9656
386.39835
466.1918
1222.5352
1350.8702
678.8266
645.21204
491.3289
1757.2041
952.5189
594.10156
491.76404
943.16095
1386.2599
719.078
1147.5294
409.5232
639.56104
403.53403
303.73944
733.2999
1439.3954
397.91476
396.41602
1239.3914
600.2743
430.63016
652.80676
679.09125
1028.4503
1075.2091
1143.2648
2151.6204
424.09573
1590.2323
949.0936
473.643
1214.9337
1194.9216
701.30664
358.182
1222.1091
1163.4617
1109.4589
547.8044
470.92737
329.30243
949.7294
454.84915
1217.1001
477.84537
794.39624
772.98004
1617.8484
1070.0992
489.284
1038.6779
1554.7056
1481.808
1910.609
1587.6506
1200.4912
999.0498
164.66235
1435.0332
353.9281
1176.5251
1321.1404
648.9741
910.5427
726.434
536.7938
1036.8896
2082.0388
390.87976
630.97107
1154.8787
1029.5898
1635.0125
1310.9724
752.4257
880.43396
274.0608
470.94318
1191.0249
865.7864
971.1963
1212.7573
1738.8171
1143.0476
322.83484
241.7741
1321.8398
853.9582
601.64404
1235.4241
303.76422
818.8269
1363.1161
766.5326
379.2892
1349.354
455.39178
1004.84766
1017.46136
1305.52
1090.8418
720.77356
899.8672
1645.8564
1090.7606
903.9032
2365.9136
264.0697
583.93567
426.44778
696.1065
2212.3997
1075.2222
1290.3108
1303.5447
1577.8142
1868.8071
703.8694
1252.3301
1367.7058
887.6278
1126.8
297.34512
222.81711
711.31537
1197.2542
2289.336
1069.1731
2257.95
706.62634
1102.3755
1406.9319
1544.256
518.53754
1132.6069
980.9533
1004.92017
1171.5524
205.58545
344.79507
990.16516
868.6245
548.31555
680.39825
1108.6193
1645.4579
1017.22424
660.4436
1169.0065
253.38992
1209.0912
728.9541
1448.0082
279.35135
1179.5062
509.82947
470.182
517.06384
1247.6208
598.86774
1166.8933
1010.7097
1314.73
1115.3953
1627.8523
799.9059
561.57477
689.2331
1600.1616
791.51086
1088.1727
270.605
140.31705
1154.5258
1120.4957
591.6415
610.17444
930.75134
1331.6758
263.21384
759.5016
611.6174
619.61115
959.20703
520.43475
1021.2234
1686.6392
1286.7349
425.66638
395.4634
628.4431
1276.0222
1301.7883
303.58707
1527.2188
1238.8677
1334.7427
1141.174
1170.4957
1044.318
333.9513
528.1963
499.4253
527.8371
1019.3972
1160.6648
607.9487
768.25867
1175.5308
776.7406
2403.5967
553.27216
594.0158
545.0672
1503.1357
1164.1685
846.4343
346.19427
1267.8159
734.3964
2080.9453
957.4723
485.53534
1197.6317
811.0415
584.0914
1521.6428
848.31757
718.53674
539.40564
1010.8328
1390.5399
1432.9075
862.9046
513.8467
658.8159
1065.8417
1018.6704
730.77893
394.57483
1993.9784
1024.5409
1194.5413
1098.6843
274.09467
988.7038
412.49365
360.68243
1117.0499
557.6489
96.79572
674.29065
1489.2139
559.6371
439.53076
2417.315
1094.2996
654.18756
1858.074
591.2731
1091.8257
1348.9492
1026.4452
249.9764
902.56824
866.2454
858.9035
1202.8123
580.8255
672.1376
1621.5842
1049.8354
913.02545
1161.0159
1675.1993
2377.647
1383.5128
1246.1705
1210.7556
963.40326
893.53735
1024.594
540.0154
409.99127
903.8592
724.12225
215.70366
988.7733
1093.5452
514.0259
1211.9458
1197.5026
837.5971
693.26874
439.79193
803.5504
823.2839
1144.809
732.54626
1180.989
946.6068
868.74207
1237.1947
463.21198
1291.6511
1320.9902
425.0309
2245.5583
812.1537
720.8657
440.49994
1008.8585
778.0752
302.3845
546.72327
970.78546
1600.4358
1506.9998
979.41016
2141.9834
602.3356
556.29565
1420.4076
2321.357
372.67346
2058.746
1920.7212
457.03986
394.39386
1574.4508
657.2632
1403.5432
1062.8346
1529.7
1408.5647
1551.5454
1133.3368
977.8756
919.9888
1473.7369
500.36603
530.14453
552.3242
1351.3638
528.4144
932.24176
399.9567
727.0657
1017.79443
621.29675
248.29916
1277.9877
1073.5693
1052.5752
1532.1625
584.4077
1364.7097
500.35718
634.46533
377.22144
692.8965
437.51096
869.9878
505.52356
844.0979
1084.6143
1362.3573
874.193
2152.876
1145.8948
1228.5167
1252.9137
430.45505
339.74945
493.7894
648.1929
628.24286
253.00201
1306.1019
1547.656
634.67444
523.5276
1230.2168
1462.4878
1171.7773
558.4713
1042.6265
478.7495
1548.6785
1163.021
478.81824
233.07214
1222.8602
453.1048
1504.2767
1239.4598
1425.3752
674.23413
256.86383
864.5815
1096.7428
1276.8882
851.8733
539.4164
643.64496
1204.2677
944.9718
1434.814
1030.9103
428.90198
814.791
656.23334
787.0621
1086.2561
746.6166
1104.3884
546.4855
509.77917
950.1236
618.26685
1320.5946
773.53394
1590.4226
1394.5503
742.72156
328.6752
1307.506
425.39926
949.05597
439.1217
892.4772
247.82411
782.17664
547.13684
916.9169
699.0447
1446.4595
1595.2266
253.5028
1105.1263
1249.5366
959.24036
533.2771
1034.9236
1519.3301
618.51855
444.11188
1016.06213
2239.038
1890.0354
624.634
825.09607
654.9752
777.06433
1218.398
603.5945
1137.4626
1841.5415
1145.6285
1417.8604
503.2978
539.73773
895.642
780.27954
640.2897
1358.9932
380.9233
763.6377
1493.1498
770.39746
432.6371
1480.2948
1492.9209
372.36517
1157.7345
851.80444
1230.55
396.5169
1417.8713
593.55225
544.5661
1126.5468
998.6855
1010.3224
1304.3516
420.05176
592.8374
1389.6919
1028.3225
1258.5494
532.2931
435.145
1436.9408
1745.9695
1749.7244
789.61554
131.26987
321.94617
919.23175
446.87695
390.66235
1056.2145
770.79663
489.1019
198.6919
744.29956
594.0587
1291.0126
1103.8811
1214.3042
1267.9052
455.67584
1251.9658
981.2809
1174.341
1133.2487
1130.2449
1291.1885
723.1638
608.10583
897.9486
325.473
2011.6299
250.08456
1012.99976
1192.9111
1225.7979
1135.8702
1258.7972
1007.478
966.3331
1328.273
1102.8607
1081.3896
608.99457
496.1386
1286.6326
530.0838
1173.3809
1108.0144
1024.7126
545.62366
402.31653
392.889
1019.3989
648.69684
1276.2964
1233.8986
1881.6099
1025.5973
818.8685
643.82825
580.4405
553.45435
1087.5166
1148.3895
915.7456
1840.8065
914.2704
1723.7078
2337.6865
539.4191
424.83173
862.93164
650.8636
685.5697
1046.2764
1472.6735
1288.894
601.91815
860.81525
695.3184
596.6101
1445.6648
1575.435
1081.3636
1226.7336
648.9271
589.3393
345.93304
1330.5566
