1287.0386
1021.4301
902.0224
1193.5825
592.565
1284.4512
1129.152
234.97975
1230.7009
716.673
456.34808
878.02765
364.4826
1379.2942
1265.2759
992.7418
1348.5371
1182.6501
1524.8103
370.32013
2251.5142
1160.7554
363.02905
815.8868
533.8884
421.94238
1437.2734
1324.4592
858.4525
1154.4099
540.99347
462.17902
397.48868
457.71167
1374.8282
324.2071
1059.8767
581.8928
2113.5352
502.34637
782.4778
1513.633
595.1202
380.79504
327.4603
444.23093
1174.7705
728.4863
561.09863
274.31885
655.036
1462.3716
936.92487
1315.3337
927.2198
794.23773
670.74854
1183.2041
482.62018
652.59985
1237.8397
336.39542
301.93994
1134.9613
1485.4191
1144.7534
396.15527
1069.386
603.64185
1275.492
1162.8335
765.69635
1174.7668
1223.4934
912.656
897.3358
768.1774
1094.0756
488.48712
1313.6011
815.7942
1325.6252
218.90741
1158.5925
753.12506
1041.2434
874.77
1114.6477
1006.1708
1114.0486
1353.7571
843.46893
1237.6818
2419.5051
688.9779
1317.7069
607.72186
1163.1873
656.34753
697.6578
1449.1561
1100.9379
1204.6257
381.0769
1044.4614
1351.2886
830.7092
736.7134
2258.3765
2381.0015
1428.1931
497.6422
793.5801
278.1601
554.2553
395.54086
2303.954
1086.504
1340.6887
671.20197
359.92517
749.8352
1204.9375
1363.4126
1337.2366
1046.3506
387.35388
552.4581
2308.759
854.17615
661.8237
466.51126
1020.0475
2061.1824
1224.7131
187.17429
1146
614.9094
858.6366
1011.09326
1328.687
1387.3882
476.56415
754.8276
812.9602
510.21606
833.9678
1116.1045
363.2505
1285.5062
2334.0234
916.70374
982.5447
406.21906
742.1516
1087.3812
1175.0537
1420.755
898.94434
304.33423
1079.5206
1354.6882
781.9827
1077.5215
1098.7654
842.5949
2387.8052
1477.0602
845.5377
724.729
852.2814
363.834
564.2406
549.3471
485.38773
1544.6708
1203.048
503.32925
1199.9475
803.4813
1494.8918
576.25964
2551.3765
400.4795
2324.7927
1951.0325
1516.5724
2357.542
407.46045
1388.942
850.9404
570.85297
1380.5088
1048.8895
211.65718
353.1795
868.49225
352.45993
697.00256
1521.331
1014.71686
1162.1577
1193.4852
593.5682
299.20676
776.74475
625.87225
498.36566
383.60022
1073.3219
899.13904
556.63654
421.97974
2246.9138
1433.5947
794.0243
407.9428
643.34937
1066.0336
690.3838
2187.1152
604.2588
2225.561
243.71696
1301.7856
1254.7227
2205.0376
1425.374
520.21735
417.772
1083.1785
207.23044
571.35815
1180.2351
1182.8813
1100.9922
764.3701
1095.7781
2362.31
939.7028
1114.882
191.20416
2549.6143
1123.227
928.21497
699.9857
1360.2324
1082.9258
920.98303
1279.2622
1407.4089
818.9982
749.61664
550.99475
1203.8237
1028.3721
1454.3271
1502.6721
1380.3114
1059.1816
1404.5964
1437.2405
676.24945
408.63745
932.9443
1015.7713
1340.0789
1018.282
834.4923
843.7301
1094.8245
1609.95
642.3024
1124.9325
540.24786
1329.3018
541.2514
1291.1797
1125.99
1624.4099
417.4189
1131.8545
1240.4684
499.3318
513.267
1127.486
519.0423
231.83957
812.2014
1154.9806
1748.0985
1371.5363
1008.94073
1124.6041
359.3393
1195.781
1274.5337
2262.955
682.3656
249.22224
1021.43024
1367.1587
262.9762
439.79703
1071.3976
1402.4854
755.6492
423.61694
342.3592
1356.0203
1594.643
668.739
558.047
2455.8281
976.3966
966.0899
1161.809
857.4956
334.37872
340.0415
835.71204
1134.2192
973.1337
933.0996
338.29724
2436.8506
595.19867
372.68213
1318.6829
904.84863
314.91205
1080.2609
1522.602
429.4511
1174.6896
1083.3494
1598.028
955.74365
968.41724
922.8275
428.2442
1163.079
1001.48206
351.3986
1110.3087
1326.3969
314.0943
607.3176
663.4917
908.34717
493.15082
597.96814
505.35992
616.49756
141.03749
395.14435
305.07022
744.8838
740.5117
612.4946
693.8058
371.29074
1400.3246
813.17773
261.69394
728.3207
1579.0358
1109.9177
1385.4805
472.69794
298.36084
1062.8578
934.8096
986.3778
1277.5271
1119.3008
506.25226
1331.8098
148.14998
382.86865
1732.6056
772.6517
491.0143
204.38995
1430.0762
486.59427
849.9455
1220.3749
857.25183
1072.2955
568.03436
521.6245
997.9678
1099.4952
719.59143
1027.7213
1630.0417
1071.4612
867.2005
998.2472
620.3739
1504.2981
908.13403
1493.5059
734.47046
419.74533
1316.1776
670.706
949.1171
487.8279
333.20755
987.3274
805.5436
589.3192
1590.0352
384.83112
990.0296
935.34906
447.9469
746.5515
777.7332
463.2499
383.24652
806.16437
1467.8119
217.2919
1016.3428
462.2032
1042.6683
904.3596
819.2748
1058.6134
953.7331
1144.2688
1092.362
858.7488
551.4867
714.55444
1520.3574
1767.3555
877.20795
1325.6733
1064.0007
615.4353
537.4237
1367.3162
1390.8275
839.5042
1373.8167
1311.555
460.56036
741.8511
1384.4363
527.57117
924.5861
1228.2979
1220.0687
628.0601
1224.4097
487.95233
556.1142
1145.8529
618.1764
1203.9158
777.5439
1192.6346
388.3579
977.7153
1137.3882
1184.3953
685.8585
1329.6794
1077.3307
1412.7358
1021.7893
1203.9954
423.35507
673.33655
467.8655
693.7639
447.3531
1271.1648
894.4513
1635.8829
587.81714
572.6085
718.3599
1248.7026
1243.9767
829.0112
2143.4834
587.8502
387.5538
757.1806
1149.6674
1156.9508
812.08215
435.12405
1200.4774
645.2226
600.6791
1260.1954
1287.791
985.5851
1436.2634
1127.3276
455.54608
454.7323
744.71094
958.5011
1268.8359
1315.8394
491.904
174.71562
448.06598
351.62463
1002.3478
1478.1086
332.04367
716.8423
816.65533
470.47675
1597.6039
852.82666
757.7621
1123.4666
1557.6829
414.98752
1146.4497
1110.2605
1267.002
619.1958
779.845
410.87836
321.15897
380.73538
736.49133
1392.9762
559.6649
748.0864
732.08954
641.78876
1039.9651
2182.3599
687.8544
1096.465
937.8928
2392.6313
492.89532
1461.3284
1446.549
755.43823
1124.3986
973.5109
970.35425
1284.3777
1057.93
716.96344
2213.2178
568.2031
377.61487
1080.2355
566.0008
656.8855
1740.2529
1546.9199
1313.5568
300.67236
1098.1108
248.65819
763.37616
1030.0673
1204.9915
661.81696
754.8286
881.7929
382.40247
323.52954
1190.5602
729.2189
427.32086
1456.2184
1071.7769
1426.7817
887.754
676.3824
152.28764
629.97406
1508.2842
321.2992
363.378
491.97736
571.29297
977.49854
1055.1017
681.88074
1290.7743
1163.2354
150.44466
998.81726
550.903
1130.9049
631.6478
1240.9224
1088.2065
1343.2245
1140.9944
449.84082
791.8385
708.476
1300.7284
1332.2328
377.20654
1724.1318
343.83386
570.2564
1189.9858
900.2948
204.83014
806.7206
667.20264
1299.6973
531.06036
686.24
1537.4812
1210.2098
199.05531
1210.2808
826.4032
1277.6238
517.0632
1040.988
1282.013
1277.1326
338.55655
1112.5054
1658.1685
563.2585
1190.3279
665.2749
730.527
763.7102
685.2174
1376.6589
1146.8943
2388.5496
924.04456
1971.6415
1218.0834
728.5625
1586.4854
1109.96
2097.337
593.5193
1131.6498
1185.8525
758.89453
606.37244
645.4026
1485.563
802.23883
1120.6635
461.86237
507.69092
1557.2308
493.84064
273.83594
891.3099
391.74017
1167.9545
180.38855
979.48737
862.66846
691.4624
661.6308
258.4955
556.8175
274.1626
1025.3049
663.30786
1026.0719
451.6453
634.1622
1649.3146
1180.9248
1198.638
572.48785
1100.3463
1230.2297
1039.2239
326.93155
1103.0713
325.8075
379.07187
1042.5245
1432.1934
2264.12
1487.4539
474.99652
306.97632
915.6227
734.63837
923.70276
435.04013
300.13672
766.2384
327.73367
1103.9675
1231.3636
1162.7726
1146.9956
463.1189
830.0237
1286.238
1586.582
2152.7837
797.3075
603.30804
1034.797
698.92224
775.8861
447.24487
783.0364
1001.4979
786.83276
1045.7964
1550.1721
654.5581
571.8312
405.885
1309.1692
536.9625
500.7468
1002.87164
944.6947
883.88116
1261.63
1101.3147
1462.4651
999.33563
980.1995
619.25354
572.37
596.29016
1605.9589
632.5294
1523.9094
1223.5327
1844.6779
440.6148
530.6485
934.6792
437.74194
1653.8984
565.96375
611.05365
1013.8048
1212.7094
636.25525
965.1647
1489.8641
718.8329
947.97797
1829.7915
691.87256
1182.6272
222.0904
1116.6283
467.65942
1458.237
544.5203
674.45355
1393.6292
888.50055
1476.8651
1097.2332
1100.3767
952.28674
653.93176
1191.6989
461.72913
1465.5391
1043.3364
930.2303
340.59433
1005.9215
540.26373
463.6254
847.0149
843.02515
260.25214
1249.2122
1055.7704
1097.4751
397.8083
598.8959
589.089
480.5731
965.4265
741.65063
1221.1422
387.60617
1545.6355
239.38318
791.62463
741.89905
608.92993
176.53055
753.9063
705.31195
682.2128
274.45392
640.7153
786.0022
431.27338
274.5028
345.42242
740.04846
1054.2019
836.40295
982.1708
1381.0945
1362.624
729.1653
899.59937
1386.4739
1107.837
904.3233
604.94653
985.60095
1329.136
306.02267
599.62585
464.85083
2290.2803
1059.5568
1638.399
654.443
447.22925
1125.1655
1156.5182
652.5603
1056.5781
1114.3749
415.3415
842.2952
582.0375
631.4601
321.91455
427.32074
781.7828
1434.6067
1103.0706
286.75226
607.996
1260.4482
1177.7965
483.7221
391.9986
839.24243
580.6193
601.9121
1121.9028
1183.5612
159.73145
1201.708
950.2212
1472.0667
1013.9677
789.70984
1531.3818
1245.6195
1333.7882
676.4999
837.33594
761.84955
765.85547
1221.9921
1397.0464
1187.1821
1334.1854
1111.5107
1089.1213
526.29315
454.63492
1497.7798
387.87122
749.6614
656.66016
1209.8325
202.16173
688.5588
1735.0118
1340.5092
1195.177
342.07614
1219.7352
475.1614
383.40216
1238.019
1773.0673
686.07117
992.00305
976.5497
2010.7366
1044.3998
1370.7565
657.0968
1302.4495
1435.9922
1231.2552
1251.3353
567.1858
1229.78
1215.3513
1271.4188
1064.9381
1058.465
1158.333
856.8064
640.68054
448.94733
649.58093
825.5212
866.4081
1319.7937
670.61615
1153.7661
1011.0131
1123.3142
578.3596
705.3139
754.8119
511.47162
2304.6587
542.35956
1661.4362
2289.0383
688.20776
661.44666
2163.6384
1014.3524
765.92505
1989.7654
483.83426
857.9071
1065.4312
860.70844
232.79059
492.97107
1150.8491
2442.08
461.65814
509.07086
1438.311
1542.9009
633.2384
340.0345
1430.3386
1284.0999
933.08765
1140.3375
1247.6545
1447.1624
1151.5768
357.2757
1043.3033
1220.271
232.61163
358.66696
337.044
1459.1377
495.3755
967.2007
1000.0205
422.138
1530.5453
403.5609
707.19604
1010.2707
1211.3917
1285.6268
1208.4668
794.2013
474.42627
719.6302
1434.178
539.20276
467.37192
489.17593
1203.7202
490.34763
1257.7911
802.52856
1072.8689
1227.3212
510.81125
1500.1333
544.1344
316.93112
1247.1525
345.52515
1496.443
797.88904
1456.7006
361.74472
1058.7765
1211.1854
1019.7506
601.8857
1466.5925
1138.0603
1459.3689
1350.9739
1280.1615
349.7085
2201.9243
475.11057
473.06033
1219.6412
833.1792
1119.3873
1682.232
1067.8195
1402.5731
2138.3904
1409.1494
609.6577
1379.0146
899.12756
458.99524
351.44394
837.3322
830.3258
1505.0131
1036.1804
534.24084
859.7126
586.2908
1148.4471
1114.058
1035.4991
501.86127
410.05353
1046.5845
794.964
434.09818
1318.0078
731.99976
421.12665
1315.1094
959.78143
846.5369
440.92883
853.4551
640.24457
437.58044
815.7221
934.6304
751.80225
2379.8623
819.94135
977.6788
1327.7052
1082.64
536.7802
1158.6691
1099.3744
1274.6125
893.2439
328.7542
328.09625
1594.3105
1375.1553
1042.8511
935.31396
784.1472
1037.3042
1226.401
1193.6885
1180.1958
1445.3259
514.1915
1195.0217
269.72382
829.0381
287.8824
471.66327
645.1345
1245.0122
1208.4497
1428.254
1148.1575
1341.201
386.96823
689.5791
864.8834
1164.8237
475.22806
998.7399
948.3746
481.6986
1253.2186
1249.1415
2284.3757
498.88794
953.6701
372.5715
1291.2644
1200.1536
1167.9541
1519.6968
2259.598
1440.2435
404.63843
1415.6492
522.44354
878.447
469.98184
756.0772
1208.2087
771.12476
548.8794
890.43567
429.5907
1273.041
2290.787
857.7163
2277.398
1349.6335
1375.7921
549.64185
1372.9377
566.8217
477.11838
1307.9009
793.86804
528.946
281.7912
1236.0319
771.9191
615.69794
925.64526
255.99527
455.48026
1109.1675
303.88055
829.6637
1056.2493
1472.6102
975.17456
724.2258
320.30328
1342.9749
1936.3467
578.9596
1057.2136
1430.2361
389.65732
845.1684
194.24109
307.2085
971.08704
864.65967
1808.909
1821.5438
1331.7598
585.63995
329.29388
612.2969
866.4213
1054.317
471.41904
387.55566
345.6083
1034.106
542.026
1166.9122
1444.3525
706.74
661.38025
790.8259
1093.1687
403.97986
666.9076
948.3559
1506.8469
302.93774
1476.092
1288.153
1360.236
530.2033
1258.2344
1264.9651
1204.4482
92.65295
727.33093
462.78815
672.6487
543.9116
1065.3912
1369.1599
1537.2278
508.18875
735.1442
835.5342
505.47147
2496.4836
562.4663
642.69775
627.7745
875.941
400.34576
707.1692
700.2572
832.1599
559.7858
1048.1277
247.54338
821.3391
997.3142
480.98953
417.14105
1084.5093
708.272
1145.3538
1551.4181
1799.0461
531.09125
552.3222
916.67993
719.7294
864.7904
1182.7944
2095.572
1792.0337
2396.7886
645.49365
907.73517
1031.0404
900.9609
435.38983
963.82837
623.8738
820.7893
585.6472
661.60187
307.19788
909.48914
520.7325
1274.8491
972.318
1495.8624
297.8487
938.17664
696.34937
757.2465
1125.5767
1245.4222
1444.8043
1194.0488
1026.1653
1196.293
1427.5215
1132.1543
1186.7867
863.87256
1102.844
1087.6234
790.62317
382.7244
1243.9877
735.4436
616.1586
1022.7011
1262.5278
348.16443
589.11755
1433.9967
446.25922
1486.9235
500.43964
1616.3132
958.4506
1303.771
2215.3652
513.47
1601.8245
813.73865
1647.3031
2077.5679
1213.8356
938.87634
480.7671
472.59082
1259.6722
359.65588
2282.7585
482.63824
583.6189
833.9466
957.5995
611.0796
529.5314
366.26288
1264.8936
1204.1206
383.1318
1587.6338
1320.6553
104.89187
597.2888
1012.2943
2464.9167
295.90616
822.088
1479.0272
541.45575
1225.793
1260.6063
2340.7495
2295.0613
1232.8137
665.6398
706.04895
1418.1755
563.97705
1167.815
1066.0554
1303.5632
526.7293
1145.1018
1500.1466
948.14294
1149.0779
471.90088
402.76056
713.9048
1002.7836
250.82114
1486.479
874.4105
733.22034
700.63367
1586.1614
701.68286
240.58913
676.7803
153.75156
462.2063
332.67297
1022.6995
997.3446
377.93677
715.1145
1016.85944
359.84402
1476.9995
557.6516
883.2245
881.21277
692.0868
322.04196
1193.6465
1070.4434
461.6095
743.687
693.3501
1122.8021
915.30164
1332.3915
811.1467
1189.7007
325.3327
971.1027
989.43353
213.86569
829.6906
608.58276
442.891
1472.5848
1428.5336
415.19962
1230.7144
1283.7091
844.65314
954.0961
1064.0483
581.7337
556.9979
439.73056
1382.9651
762.0311
671.28503
637.8631
1521.6177
630.06384
522.0238
923.714
986.5897
277.4121
1087.0968
1248.2802
1049.8157
1584.5681
1360.8333
1510.9606
316.40717
1083.5369
381.9511
460.78262
1224.0966
1346.686
671.70593
640.8534
487.0677
1756.3142
948.48193
589.5563
490.60385
937.7044
1385
718.43536
1147.8567
406.20807
631.62744
401.12915
300.63483
729.6907
1436.9102
392.93936
388.91504
1237.1271
599.2327
425.3258
649.97815
676.1452
1025.0459
1076.602
1143.3942
2161.4106
419.9659
1589.8094
945.88684
472.2588
1214.2037
1193.6926
693.2844
353.30286
1215.369
1161.6663
1107.2374
542.4395
466.7373
328.19843
948.0761
448.5635
1216.5051
473.40625
789.46027
767.3374
1616.5422
1069.1161
484.2605
1038.3579
1547.6582
1481.5907
1905.8887
1583.0938
1194.741
998.6327
159.82158
1431.2928
350.37628
1172.259
1321.3453
645.15515
909.619
725.2702
533.5549
1036.2538
2083.432
387.7588
623.9067
1147.5315
1025.2329
1629.6185
1310.6796
747.18823
875.2566
269.59543
463.96527
1190.4961
860.96655
970.2268
1207.7742
1738.0454
1141.4354
318.98724
236.73773
1318.2585
849.0028
595.6252
1234.684
300.8471
813.92096
1357.7805
761.2173
376.31796
1348.8401
451.3022
998.74084
1011.87195
1301.5933
1086.3698
718.04803
896.98676
1639.5704
1088.0693
897.9664
2365.9702
260.7758
579.77997
424.05
692.3806
2213.1902
1068.7379
1287.8699
1303.4779
1574.0415
1863.6725
698.8333
1249.2526
1367.5818
882.16016
1128.0282
288.15387
218.01291
707.0781
1192.7202
2285.4893
1068.694
2258.5376
700.285
1101.1913
1406.4304
1539.1045
513.4811
1133.0972
979.51697
998.8337
1168.2283
199.02403
342.9973
983.3992
867.68536
545.54486
677.16675
1108.873
1644.871
1012.9117
654.48267
1165.3174
247.30042
1206.1906
722.2261
1447.3191
278.69092
1175.9985
506.71634
469.34012
513.0621
1240.8984
595.93933
1167.1077
1007.61273
1309.4889
1114.64
1622.6431
794.6205
560.3664
684.4477
1599.6981
787.2385
1087.5939
270.4105
135.05466
1152.6163
1113.3975
589.11255
604.1671
927.3484
1331.9188
260.8445
754.0858
608.8276
613.9735
954.4967
515.34436
1018.1637
1685.3822
1285.9209
421.77704
391.34613
627.2571
1272.5402
1297.3177
298.78778
1522.8351
1233.9073
1334.7632
1135.2288
1167.234
1044.5542
330.85977
527.4484
493.0982
521.9178
1018.39325
1154.9672
602.4718
763.8796
1172.734
771.7866
2398.5586
549.0323
588.5518
539.657
1508.0839
1163.8436
843.5608
342.42474
1266.5897
731.09326
2077.1606
955.7073
482.42096
1197.5776
809.5525
580.6676
1514.1141
846.708
717.83685
533.8637
1010.45154
1386.633
1428.6417
857.5852
511.03467
654.6877
1064.9058
1014.0151
724.4601
389.87753
1996.2921
1017.97845
1194.6956
1093.4492
269.81024
989.25806
405.30768
357.82666
1114.7354
556.8151
91.174706
673.8187
1487.9844
558.5411
434.37677
2411.9514
1091.6427
650.8592
1855.9604
587.54065
1091.5653
1344.0742
1023.4258
248.47733
898.54175
864.913
855.0006
1202.3242
579.40643
668.9927
1614.7112
1042.3124
909.0796
1155.1244
1669.3965
2377.6816
1379.3119
1245.5286
1210.1924
957.2981
887.5875
1023.9352
536.1834
406.73755
899.0816
720.02295
211.27466
988.5554
1091.9169
510.29263
1209.0928
1195.597
831.74963
687.6189
435.56784
803.0082
817.5147
1145.0964
728.4999
1175.1289
942.76306
868.1852
1236.6656
458.03278
1290.503
1316.8129
420.30316
2250.5881
809.6473
715.8269
436.17273
1007.98474
777.44006
301.3652
543.014
969.8499
1594.9552
1502.1992
973.3405
2137.5564
598.5303
552.5867
1419.3765
2320.0654
369.67355
2058.6748
1916.9741
453.352
390.32812
1573.1187
656.68787
1398.7905
1059.1096
1529.7432
1407.2548
1543.6323
1131.6578
974.7247
918.8492
1472.6265
499.85187
527.8196
547.5715
1349.7559
525.02734
926.48413
394.52982
722.4278
1013.5513
619.841
244.01132
1272.8018
1074.508
1050.7542
1531.3911
579.1687
1365.4872
496.03036
626.6386
369.65933
684.9161
434.38165
864.19653
501.776
843.3238
1085.3947
1359.0382
870.2925
2151.9326
1144.1785
1227.6481
1251.8721
427.29358
335.7842
489.99847
647.2579
623.7027
247.89932
1306.1311
1542.9844
631.9064
519.3634
1229.8711
1459.7314
1171.0934
552.11884
1042.8137
475.20496
1547.0193
1163.5675
475.81818
227.9289
1222.563
453.13104
1507.0787
1237.9741
1424.9248
667.3932
255.861
862.16315
1095.7876
1271.074
847.62646
534.13086
636.5399
1205.091
944.3967
1429.9923
1029.0253
425.28986
812.63416
655.3425
785.5829
1081.4396
741.67664
1103.0635
546.2634
507.04913
944.2151
615.5803
1316.3816
768.63245
1588.0382
1390.1409
739.51025
322.8058
1306.2462
423.43036
944.76135
437.83267
887.3888
244.63828
776.7215
539.94293
911.98
696.89795
1443.9335
1588.6698
251.93118
1103.5171
1249.3307
953.74866
529.1596
1034.7789
1517.5833
615.9981
443.57254
1012.0841
2240.0122
1890.739
620.1984
818.87634
650.7893
770.2377
1213.0227
602.69495
1137.2521
1836.4104
1142.8284
1417.9893
496.43
537.08936
891.667
775.31287
637.40094
1357.7803
376.98282
759.8226
1492.8044
764.16284
428.94595
1480.5552
1488.5413
367.06885
1158.5304
848.0578
1225.8748
393.65765
1415.0614
591.63794
538.61597
1123.6022
998.6804
1008.32117
1299.4626
414.21457
587.6003
1386.9188
1022.5565
1252.3376
528.92633
430.52798
1436.0676
1744.6096
1748.7179
784.48
125.07265
318.59628
918.38007
443.89
385.68637
1050.8184
765.30756
482.86148
195.06255
741.16174
590.9673
1291.0684
1098.5137
1211.5664
1265.4348
452.95288
1251.5385
975.9735
1173.8427
1129.7057
1130.3059
1288.547
721.2859
604.5149
896.73145
319.80957
2010.8389
248.07831
1010.05963
1192.769
1226.688
1136.4115
1257.8253
1002.05853
962.1145
1328.6401
1096.574
1077.5393
606.52924
494.61606
1279.7195
525.9934
1168.3325
1102.2003
1019.1904
542.5017
399.59637
387.83252
1018.3784
644.0448
1277.1223
1232.4358
1879.7427
1020.97217
813.4702
641.44794
580.30347
551.08093
1086.5729
1147.24
914.7158
1839.1
911.59204
1716.9719
2337.153
536.5615
417.43585
860.8352
646.7588
682.99005
1043.2368
1466.9595
1287.9594
600.50397
860.5045
693.5116
590.70557
1445.092
1570.2164
1077.0468
1225.219
642.9936
582.91797
340.6127
1329.3995
