1287.3722
1021.7351
902.1892
1193.5328
592.78503
1284.9204
1129.1312
235.38416
1230.9879
717.4227
456.79288
878.49976
364.77798
1379.3213
1265.679
992.8581
1348.6124
1183.228
1525.2435
370.69968
2251.8625
1161.229
363.8059
816.28394
534.16656
422.31677
1437.2793
1324.6099
858.77594
1154.927
541.2706
462.39682
397.93628
457.7545
1375.3398
324.77045
1060.3184
581.96533
2113.621
502.8882
783.39056
1513.5852
595.7066
381.2549
327.94342
444.98962
1175.0264
728.6247
561.2682
274.47083
655.6719
1462.8069
937.3423
1315.7908
927.4926
794.78284
671.22864
1183.3848
482.9925
653.2698
1238.4875
336.66513
302.18307
1135.203
1485.7856
1144.8616
396.4915
1069.8036
604.2693
1275.6471
1162.8022
766.2728
1174.9689
1224.0331
912.9469
897.57654
768.5768
1094.1238
488.847
1314.1056
816.6406
1326.4521
219.28918
1158.7568
753.53784
1041.8887
875.45337
1114.6299
1006.71796
1114.5137
1353.6926
843.82056
1237.8418
2419.3716
689.83484
1318.1182
607.9137
1163.448
656.57715
698.09033
1449.2548
1101.177
1204.9045
381.778
1044.8477
1351.7714
831.1675
737.0566
2258.7249
2381.1821
1428.4788
497.99414
793.9376
278.28345
554.46204
396.2773
2304.2986
1086.7542
1341.1519
671.5144
360.3264
749.98376
1204.9507
1363.516
1337.2642
1046.77
387.8769
552.6738
2308.684
854.5724
662.4896
466.68365
1020.7931
2061.2686
1225.1888
187.64055
1146.6355
614.91815
858.70325
1011.70844
1328.7883
1387.7849
476.9641
755.24493
813.3801
510.53638
834.533
1116.3613
363.41882
1285.6016
2333.508
917.16254
982.826
406.63116
742.3718
1087.6738
1175.6907
1420.7107
899.30975
304.67307
1079.9117
1354.8208
782.55273
1077.7426
1099.3125
843.13306
2388.1558
1477.2073
846.06323
724.9641
852.6958
364.1407
564.9769
549.8708
485.55957
1545.1168
1203.0193
503.84192
1200.5963
803.8945
1495.2991
576.66046
2551.4863
401.12283
2322.22
1951.2712
1516.8969
2357.7056
407.75964
1389.2998
851.33716
571.1975
1380.5945
1049.2278
212.12775
353.62543
869.1019
353.049
697.43115
1521.7543
1014.8255
1162.022
1193.8757
593.9371
299.63116
777.1919
626.00476
498.88605
384.1954
1073.1649
899.31494
556.89197
422.19028
2246.9216
1433.8063
794.5083
408.24585
643.76953
1066.733
690.80853
2187.6719
604.5985
2225.8882
244.022
1302.2427
1254.6608
2205.4688
1425.5747
520.7195
418.40485
1083.9484
207.61052
571.6393
1180.9967
1182.9885
1101.1704
764.90137
1096.1805
2362.5928
940.2328
1115.4589
191.6033
2549.7822
1123.3583
928.7597
700.0786
1360.1681
1083.1189
921.05304
1279.436
1407.4443
819.3629
750.19135
551.1153
1204.0813
1029.1431
1454.7197
1502.6262
1380.4204
1059.7114
1404.744
1437.2771
676.927
408.6996
933.3895
1016.2001
1340.2305
1018.36926
834.86285
844.1775
1095.7659
1610.6028
642.9373
1125.1979
540.58966
1329.4114
541.554
1291.343
1126.3855
1624.7162
417.97043
1131.978
1240.4843
499.75842
513.3863
1127.813
519.9392
232.22243
812.32825
1155.1351
1748.7556
1371.8208
1009.368
1124.7285
359.68597
1196.1815
1274.824
2262.784
682.51025
250.01144
1021.6625
1367.3032
263.6912
440.33768
1071.3577
1402.8627
756.2832
423.85535
343.09705
1356.3948
1594.7823
669.3983
558.22064
2455.9998
976.9857
966.3031
1162.0273
857.5668
335.15195
341.0871
836.0144
1135.0442
973.6024
933.3213
338.66315
2437.111
595.5749
373.93597
1319.131
904.98114
315.23724
1080.7842
1522.5244
429.6725
1174.8884
1083.5808
1598.6974
956.587
968.4896
923.2372
428.78796
1163.1901
1001.65356
351.9134
1110.6793
1326.4819
314.62946
607.56165
663.8587
908.64026
493.78015
598.2024
505.85538
616.83826
141.53775
395.31506
305.46527
745.1143
740.8627
612.8939
693.97815
371.5902
1400.528
813.36176
262.2562
728.9156
1579.2896
1110.0089
1385.7367
472.98865
299.02335
1063.0459
935.14453
986.4147
1277.2502
1119.5842
506.44983
1332.5215
148.96239
383.6386
1732.6746
773.2817
491.55792
205.17856
1430.2966
487.09387
850.5624
1220.3508
857.41724
1072.8527
568.3804
522.08875
998.31885
1099.5868
720.224
1028.0868
1630.6018
1071.5708
867.6333
998.53723
621.03723
1504.3047
908.2649
1493.4468
735.0542
420.38794
1316.6482
670.95264
949.842
488.54968
333.54422
987.87573
806.0725
589.81036
1588.8021
385.02396
990.1817
935.67725
448.4248
747.1612
778.17755
463.78458
384.00482
806.82495
1468.1085
217.86472
1016.3517
462.7765
1043.1748
904.7313
819.20575
1058.9836
954.172
1144.5945
1092.4926
858.9171
551.69147
714.9802
1520.4574
1767.5149
877.63806
1325.8425
1064.6267
615.815
537.7599
1367.9573
1390.893
839.7827
1373.7858
1312.0327
461.02524
742.92126
1384.9943
527.91565
924.98975
1228.8612
1219.9891
628.53143
1224.7852
488.14127
556.9928
1145.9636
619.1163
1204.0603
777.7786
1192.6143
388.6099
978.01337
1137.5438
1184.2905
686.3534
1329.985
1077.5912
1413.5292
1021.8065
1204.5079
423.89728
673.73755
468.28348
694.20667
447.529
1271.9365
895.0356
1636.1624
588.76514
572.8703
718.46765
1248.8835
1243.9102
829.55383
2143.736
587.9898
388.22516
757.4728
1149.7654
1157.8032
812.40796
435.26956
1200.7822
646.0482
600.9616
1261.043
1287.9802
985.7388
1436.5057
1127.7712
455.76318
455.02682
745.19775
958.4883
1269.2024
1316.2046
492.28552
175.13756
448.71973
351.71786
1002.46576
1478.1942
332.95877
717.06445
817.1216
470.56232
1597.8629
853.3323
758.0789
1124.0039
1558.1697
415.1806
1146.5288
1110.945
1266.9037
619.4389
780.6959
411.59103
321.47556
380.93408
737.0051
1393.5508
560.2831
748.2653
732.3637
642.2584
1039.9065
2182.3813
688.47266
1096.5121
938.31616
2391.2188
493.59326
1461.8628
1446.6403
755.5833
1124.171
973.83466
970.66113
1285.053
1058.1035
717.22974
2213.532
568.5608
378.00912
1080.6002
566.30963
657.25085
1741.124
1547.3531
1313.8481
301.24384
1098.4231
249.2361
763.7799
1030.0061
1205.4371
662.00323
755.29694
882.4145
382.6156
323.93726
1190.988
729.3525
427.69775
1456.7222
1071.6039
1426.9688
888.0191
676.5967
152.9253
630.4761
1508.3998
321.6087
363.95093
492.65002
571.5953
977.6601
1055.0717
682.2437
1291.4144
1163.6813
151.13739
999.1832
551.2978
1131.6267
632.1985
1241.1227
1088.5139
1343.2539
1141.2141
450.4278
792.5257
708.8502
1300.8745
1332.6112
377.64127
1724.9148
344.39374
570.5606
1189.9716
900.5785
205.19386
807.1316
667.2842
1300.013
531.5909
686.64056
1537.7778
1210.3105
199.49274
1210.4631
826.7423
1277.5161
517.38354
1041.6768
1282.2385
1277.1443
339.18024
1112.8992
1658.1873
563.5985
1190.4469
665.64
730.9237
764.06757
685.52673
1376.7947
1147.4441
2388.9468
924.177
1971.5916
1218.3287
728.77094
1587.3777
1110.0978
2097.782
593.9337
1131.7217
1186.2251
759.08936
606.557
645.8045
1485.952
802.4112
1120.6404
462.27057
508.11993
1557.1973
494.08142
274.00186
891.7058
392.0063
1168.4705
181.20578
980.24164
863.3349
692.08044
662.11505
259.0862
557.4039
274.81467
1025.3873
663.5487
1026.5822
452.4144
634.59265
1650.0686
1181.5475
1199.0006
573.1324
1100.4711
1230.3245
1039.4032
327.40134
1103.7284
326.3088
379.0884
1042.741
1432.2747
2264.4348
1487.9598
475.39285
307.17834
915.6629
735.0662
924.29956
435.12762
300.6881
766.8005
328.20322
1104.0366
1231.326
1162.9302
1147.0681
463.52838
830.2108
1286.4841
1586.6809
2152.7534
797.3725
603.8055
1034.7222
699.5542
776.6307
447.41684
783.4796
1001.7219
787.2356
1045.7244
1550.5742
654.93286
572.3391
406.395
1309.3922
537.3053
501.23785
1003.459
945.24945
884.3179
1261.907
1101.4187
1463.011
999.789
980.37476
619.26843
572.86914
596.8215
1607.079
633.1322
1524.2676
1223.4407
1845.6713
440.82568
531.23816
935.12115
437.88617
1653.9946
566.29315
611.2887
1014.24207
1212.8411
636.5344
965.449
1489.9335
719.18634
948.4151
1830.4941
692.1826
1182.7039
222.61707
1117.1554
468.14984
1458.2976
545.1538
674.5156
1393.8845
888.6321
1477.0593
1097.6265
1100.5948
952.84973
654.3899
1191.8033
462.0704
1465.7783
1043.8762
930.6169
340.61523
1006.26294
540.8899
463.82495
847.98987
843.177
261.03323
1249.4354
1055.7075
1098.1821
398.2374
599.18823
589.472
481.2741
965.6851
741.9865
1221.6196
388.0128
1545.9728
239.555
791.8451
742.34564
609.3192
176.99493
754.078
706.06445
682.6715
274.9618
641.09155
786.21375
431.7873
275.14096
345.98373
740.3558
1054.5436
836.6616
982.70996
1381.3748
1362.8243
729.6681
899.7506
1386.581
1108.5156
904.77606
605.2951
985.90845
1329.1989
306.2865
600.2733
465.27997
2290.2932
1059.6311
1638.7657
655.27795
447.67178
1125.3503
1156.656
652.9456
1056.7906
1115.0852
415.85962
842.72046
582.4694
631.9646
322.28583
427.84918
782.1355
1434.5936
1103.7556
287.30536
608.077
1261.2825
1178.0298
484.2976
392.48453
839.50214
580.9759
602.527
1122.093
1183.6295
160.2477
1201.8627
950.99524
1472.1807
1014.375
790.1689
1531.5865
1245.572
1334.0896
676.8307
837.6319
762.49976
766.4666
1221.918
1397.6858
1187.3489
1334.5449
1111.9097
1089.111
526.8364
455.00574
1498.1755
388.08124
749.8122
656.7635
1209.9312
202.67776
689.1471
1735.8672
1340.4991
1195.2842
342.6759
1219.6172
475.27896
383.84735
1238.7737
1773.497
685.83997
992.47095
976.8938
2010.8545
1044.7319
1370.7786
657.69714
1302.8889
1435.1038
1231.2661
1251.3914
567.77563
1229.914
1216.1782
1271.5245
1065.1437
1058.713
1158.3468
857.2938
640.99677
449.4033
649.78186
825.78955
866.7175
1320.1943
671.0449
1153.8519
1011.66583
1123.6748
578.80054
705.43286
755.30664
512.1428
2304.7446
543.0458
1661.6885
2289.3528
688.4003
662.14056
2163.7827
1014.8199
765.99255
1989.6655
484.31476
858.1251
1065.7539
861.26013
233.0942
493.08005
1151.1819
2442.0723
462.02765
509.5434
1438.2664
1543.1038
633.46564
340.28638
1430.1226
1284.1072
933.52454
1140.6454
1247.7837
1447.2524
1151.6636
357.4022
1043.626
1220.4739
233.14636
358.89478
337.3081
1459.292
496.07574
967.6058
1000.181
422.94965
1530.772
404.0849
707.80566
1011.0088
1211.441
1286.002
1209.2129
794.5036
474.84528
720.2706
1434.1398
539.42163
467.64386
489.58536
1204.4243
490.64465
1258.0312
803.0226
1072.8142
1227.3777
511.40796
1500.6692
544.53925
317.63812
1247.3445
345.81284
1496.6456
798.59644
1457.2107
362.11072
1058.8251
1211.195
1020.09576
602.14294
1467.1263
1138.0873
1459.6016
1351.3391
1280.5377
350.03943
2201.9355
475.18127
473.36002
1220.0522
833.80145
1119.843
1682.4575
1067.9487
1402.7412
2138.4128
1409.3662
610.0833
1379.1003
899.8423
459.71457
351.79532
837.7877
831.1122
1505.272
1036.6104
534.3838
860.421
586.4917
1148.8411
1113.9128
1035.6102
502.2454
410.3325
1046.9285
795.5521
434.40875
1318.0786
732.9927
421.69043
1315.3018
960.36914
846.8656
441.50418
853.93164
640.542
438.3147
816.102
934.71674
752.2072
2379.5444
820.1916
978.0574
1328.2223
1082.5647
537.01056
1159.0431
1099.3845
1274.4199
893.6821
328.9569
328.65887
1594.259
1375.8264
1043.018
935.9404
784.8235
1037.9177
1226.3547
1194.213
1180.1318
1445.7771
514.35565
1195.323
270.11087
829.65735
288.32437
471.9184
645.7838
1245.2003
1208.4247
1428.5026
1148.0925
1341.6687
387.49487
689.9591
864.9597
1164.7676
475.94922
999.35925
948.5887
482.24118
1253.4487
1249.4475
2284.872
499.1114
954.05273
372.80933
1291.3241
1200.5508
1168.274
1519.6504
2259.8027
1440.561
404.87537
1415.5195
522.5459
878.65686
470.54327
756.8688
1208.3301
771.70276
549.23773
891.1083
429.6588
1273.0627
2291.4026
857.9291
2277.4102
1349.7625
1375.9077
550.45044
1373.5597
567.09973
477.56326
1307.988
793.9748
529.2278
281.9563
1236.6237
772.2278
616.3568
925.8728
256.52365
455.84814
1108.9261
304.41104
830.4353
1056.3604
1473.1433
975.8851
724.54486
320.89508
1342.9022
1936.2908
579.2467
1057.7429
1430.5425
390.4379
845.3791
194.81274
307.86398
971.13916
865.2665
1809.2644
1821.6217
1331.6533
586.13696
329.72098
612.68884
866.92035
1054.5461
471.82397
387.93832
346.02652
1034.457
542.48865
1166.9536
1444.3433
707.2388
661.88245
790.8997
1093.336
404.17273
667.3511
948.70703
1507.2769
303.2043
1476.117
1288.5288
1360.4747
530.5226
1258.3611
1264.9755
1204.9241
93.020676
727.7936
463.403
673.3264
544.0711
1065.3782
1369.8286
1537.5707
508.60883
735.3264
835.78174
505.8686
2496.8647
562.7112
643.112
628.18835
876.228
400.80927
707.6062
700.4735
832.5742
560.4457
1048.5557
248.00752
822.0614
997.4252
481.54156
417.7942
1084.9985
708.6686
1145.4639
1551.9783
1800.0146
531.34436
552.9338
916.8563
719.90515
865.32935
1183.0404
2095.0625
1792.4927
2397.181
645.7368
908.0786
1031.2545
901.34106
436.2202
964.072
624.10126
821.31555
585.94324
661.90295
307.9203
909.9447
521.5874
1275.0137
972.5033
1495.7897
298.26312
938.3977
696.3847
757.5296
1125.897
1245.759
1444.6696
1194.318
1026.6125
1196.8223
1427.779
1132.7283
1186.7837
863.8719
1102.9888
1087.7561
790.45825
383.14734
1244.2961
735.8169
616.7203
1022.92053
1262.5118
348.72662
589.69727
1434.008
447.00015
1487.0188
500.981
1616.3944
958.99023
1303.7533
2215.4297
513.86365
1602.2842
814.0654
1648.1653
2077.497
1214.1135
939.4932
481.1277
472.64978
1259.9119
359.8438
2282.8518
482.8615
584.4131
834.14136
957.8477
611.40955
529.6683
366.66058
1265.0171
1204.4052
383.27753
1587.9324
1321.1694
105.44243
597.607
1012.5699
2465.268
296.53482
822.5775
1479.4844
541.70544
1226.0637
1261.0571
2341.266
2295.3916
1232.9353
666.1455
706.2966
1417.2839
564.40936
1168.0156
1066.1672
1303.6013
527.09454
1145.038
1500.2933
948.406
1149.3617
472.51968
403.41266
714.53455
1002.86475
251.21643
1486.57
875.0114
733.6471
700.7683
1586.8469
701.9098
241.04753
677.3231
154.20418
462.5335
333.25674
1023.08453
997.43634
378.3777
715.32404
1017.0019
360.28992
1477.105
557.9905
883.4215
881.618
692.7101
322.7679
1194.041
1070.5323
461.9829
744.1478
693.76227
1123.0226
916.0326
1332.6213
811.4166
1189.891
325.85248
971.5261
989.9087
214.35715
829.90967
608.78595
443.259
1472.6238
1428.9406
415.83365
1230.7114
1284.0884
844.886
954.70703
1063.814
582.28345
557.26825
440.2679
1382.8638
762.327
671.3751
638.2684
1521.5593
630.2216
522.2469
924.2559
986.5719
278.04285
1087.5164
1248.773
1049.7437
1584.9441
1361.2765
1510.8439
316.76263
1084.0808
382.4545
461.33493
1223.9031
1347.1346
672.6751
641.4158
487.53775
1756.4651
948.9992
589.9754
490.8258
938.19104
1385.1892
718.5958
1147.824
406.44318
632.4302
401.36493
301.0604
730.0297
1437.0581
393.5607
389.8593
1237.2573
599.3889
425.58923
650.2556
676.4085
1025.2915
1076.348
1143.3582
2160.0496
420.36148
1589.721
946.3328
472.38535
1214.1267
1193.7489
694.1448
353.84714
1216.1597
1162.0043
1107.4695
542.9768
467.1333
328.55066
948.36584
449.18292
1216.6316
473.93167
789.76074
767.81903
1616.8015
1069.1936
484.85086
1038.4867
1548.3499
1481.594
1906.508
1583.5321
1195.1954
998.6598
160.14635
1431.6757
350.7118
1172.5862
1321.383
645.44714
909.8375
725.59424
533.87836
1036.3821
2083.4697
388.06952
624.6928
1148.4304
1025.7827
1630.3403
1310.7437
747.7629
875.942
270.02444
464.62256
1190.563
861.33453
970.4939
1208.2754
1738.1731
1141.4141
319.33105
237.09354
1318.5552
849.6452
596.2438
1234.9062
301.0926
814.4359
1358.3533
761.6649
376.59723
1348.9324
451.7348
999.48
1012.4512
1301.9502
1086.8856
718.2487
897.24603
1640.4214
1088.2327
898.6829
2366.148
261.06195
580.202
424.24738
692.6825
2213.098
1069.3595
1288.0886
1303.5161
1574.4236
1864.2493
699.35144
1249.5214
1367.5426
882.6399
1127.918
289.16534
218.3912
707.5304
1193.334
2285.9043
1068.8037
2258.6199
700.98065
1101.515
1406.448
1539.6926
513.909
1132.8835
979.6741
999.34924
1168.6364
199.73831
343.26297
984.16034
867.8989
545.8371
677.4523
1108.8235
1644.9951
1013.4133
655.0481
1165.6659
247.97464
1206.4481
722.9203
1447.2521
278.83026
1176.5916
507.0125
469.46597
513.3946
1241.6226
596.137
1167.1857
1007.9288
1309.9059
1114.789
1623.1284
795.177
560.56604
684.9986
1599.8313
787.6111
1087.7117
270.4852
135.56564
1152.8276
1114.2847
589.2524
604.7084
927.6918
1331.9055
261.10278
754.5692
609.0753
614.42065
954.9864
515.7781
1018.48254
1685.5436
1286.0554
422.1762
391.68915
627.5348
1272.8948
1297.8193
299.33496
1523.3782
1234.3472
1334.8267
1135.9014
1167.564
1044.5802
331.1801
527.6049
493.6606
522.4488
1018.6452
1155.6703
603.0574
764.2677
1172.9492
772.32007
2399.2576
549.53345
589.12897
540.1796
1507.6519
1163.9062
843.7141
342.80948
1266.8047
731.49756
2077.5947
956.0016
482.82376
1197.6775
809.8583
581.0399
1515.0859
846.8944
718.0226
534.3815
1010.6426
1386.9678
1429.0839
858.03735
511.30554
655.0208
1065.1372
1014.48413
725.03076
390.368
1995.8384
1018.7401
1194.6882
1093.9575
270.2353
989.25037
405.98486
358.0797
1115.0573
556.9574
91.4032
673.9467
1488.3523
558.85675
434.88055
2412.4937
1091.8174
651.17346
1856.3154
587.9623
1091.517
1344.5477
1023.6195
248.79654
898.8318
864.99
855.2863
1202.2893
579.7469
669.2227
1615.4775
1043.1873
909.49207
1155.621
1670.1354
2377.875
1379.583
1245.5118
1210.3666
957.92236
888.265
1024.0864
536.4396
407.05618
899.4625
720.38525
211.58664
988.69226
1092.3381
510.6717
1209.5183
1195.9493
832.44434
688.3023
435.97592
803.0908
818.1365
1144.9734
728.99615
1175.988
943.2153
868.35077
1236.794
458.4864
1290.5717
1317.1455
420.7981
2250.1772
810.24835
716.2355
436.68417
1008.1804
777.64233
301.64255
543.37445
969.9652
1595.4727
1502.6891
973.81226
2138.0415
599.0364
552.91907
1419.2406
2320.2983
369.96594
2058.5952
1917.5054
453.6923
390.59088
1573.344
656.9016
1399.2284
1059.6484
1529.8687
1407.4122
1544.5327
1131.7909
974.9431
919.1192
1472.781
499.99396
528.187
548.1355
1350.108
525.33246
927.16455
395.0954
722.83344
1013.82886
620.2282
244.4736
1273.3823
1074.356
1051.0786
1531.5708
579.62463
1364.9836
496.40308
627.3323
370.51892
685.79895
434.6636
864.70355
502.2638
843.493
1085.1968
1359.3993
870.6365
2151.935
1144.3276
1227.8137
1252.0894
427.56808
336.23544
490.2806
647.42224
624.2028
248.47621
1306.0903
1543.4338
632.1306
519.7267
1229.7454
1460.0887
1171.2067
552.8386
1042.8186
475.42636
1547.269
1163.4626
476.07443
228.41385
1222.5314
453.18863
1506.1116
1238.1272
1424.9412
668.08716
256.09448
862.42126
1095.7686
1271.8229
848.09314
534.7173
637.13464
1204.9653
944.4629
1430.6327
1029.484
425.6557
812.7666
655.494
785.6592
1082.0756
742.1201
1103.3298
546.3724
507.2536
944.8854
615.77405
1316.7782
769.29224
1588.553
1390.5865
739.8257
323.4154
1306.438
423.61133
945.2151
438.1396
887.98047
244.98721
777.35956
540.78796
912.37305
697.2047
1444.2434
1589.353
252.23907
1103.6775
1249.3425
954.35297
529.4403
1034.822
1517.7306
616.2014
443.69244
1012.4092
2239.8535
1890.7389
620.6821
819.4574
651.1737
771.03687
1213.6599
602.94604
1137.3345
1836.958
1143.0925
1418.0021
497.13873
537.4171
892.16174
775.82324
637.7454
1358.0562
377.18314
760.14325
1493.061
764.8579
429.30856
1480.7347
1488.8842
367.47913
1158.4053
848.4778
1226.3136
393.92474
1415.355
591.7799
539.33325
1123.8059
998.5956
1008.5189
1299.9536
414.67062
588.10815
1387.3112
1023.25836
1253.0316
529.2578
431.23944
1436.1632
1744.8362
1749.0142
785.15497
125.747826
319.0479
918.5324
444.16513
386.08755
1051.5159
765.89905
483.3954
195.32195
741.5127
591.20624
1291.1166
1099.0393
1211.7977
1265.7069
453.20715
1251.6825
976.5803
1174.0028
1130.0203
1130.0798
1288.8379
721.37244
604.76
896.9664
320.32632
2010.9209
248.3345
1010.4
1192.775
1226.531
1136.3068
1257.9746
1002.621
962.53326
1328.5186
1097.3606
1077.9812
606.7826
494.89728
1280.5358
526.4439
1168.8074
1102.7767
1019.7435
542.79834
399.83057
388.2817
1018.5265
644.5892
1276.8795
1232.6312
1880.099
1021.6194
814.0211
641.6484
580.3765
551.2411
1086.7571
1147.4132
914.7514
1839.3119
911.8292
1717.7527
2337.3896
536.8348
418.32904
860.85834
647.1925
683.2219
1043.6375
1467.6432
1288.125
600.7349
860.6759
693.71326
591.45215
1445.2043
1570.679
1077.4011
1225.4529
643.5574
583.535
341.20007
1329.6334
