1286.8857
1021.2943
901.96265
1193.5881
592.4426
1284.2268
1129.1704
234.79715
1230.5823
716.332
456.15833
877.80707
364.34625
1379.3125
1265.0896
992.7038
1348.5326
1182.3951
1524.6163
370.14664
2251.3757
1160.5464
362.68268
815.71594
533.7553
421.78412
1437.2493
1324.3787
858.3109
1154.1768
540.8698
462.0555
397.27902
457.68723
1374.5995
323.95227
1059.6758
581.88586
2113.5024
502.104
782.032
1513.6725
594.8512
380.59213
327.2323
443.87805
1174.6667
728.40533
561.01746
274.24503
654.73486
1462.2091
936.74243
1315.1223
927.0895
793.986
670.5381
1183.1111
482.46448
652.3079
1237.5588
336.26886
301.83572
1134.9028
1485.2405
1144.6774
396.01285
1069.1887
603.3586
1275.432
1162.8098
765.44055
1174.6998
1223.261
912.5388
897.2196
767.99243
1094.0381
488.35406
1313.351
815.3984
1325.2577
218.73653
1158.51
752.94464
1040.92
874.43823
1114.6516
1005.90674
1113.862
1353.7128
843.3081
1237.613
2419.618
688.571
1317.5264
607.6555
1163.0721
656.2485
697.4663
1449.1105
1100.8325
1204.5006
380.75464
1044.2253
1351.0786
830.519
736.5745
2258.2083
2380.9495
1428.0171
497.476
793.40564
278.10034
554.1804
395.2008
2303.7827
1086.4017
1340.4999
671.0371
359.74658
749.7721
1204.9171
1363.3386
1337.2747
1046.1351
387.1078
552.3653
2308.6865
853.99347
661.51904
466.45724
1019.71716
2061.15
1224.4921
186.9683
1145.7178
614.9012
858.58984
1010.8104
1328.6428
1387.1779
476.35248
754.65247
812.776
510.06433
833.70135
1116.0007
363.1668
1285.4518
2334.2344
916.54736
982.42725
406.03793
742.0665
1087.2477
1174.7433
1420.7917
898.80096
304.17374
1079.3412
1354.6342
781.73035
1077.4121
1098.5342
842.3631
2387.653
1476.9958
845.3113
724.6166
852.09753
363.70697
563.9416
549.11096
485.30667
1544.3984
1203.0349
503.09106
1199.6389
803.2969
1494.7053
576.07117
2551.311
400.18683
2325.8896
1950.8671
1516.4398
2357.4995
407.35516
1388.785
850.7565
570.69916
1380.4702
1048.7188
211.44519
352.9889
868.213
352.19394
696.834
1521.1438
1014.6904
1162.153
1193.3134
593.39575
299.00983
776.5447
625.81824
498.1411
383.32812
1073.2373
899.03894
556.5865
421.89136
2246.941
1433.5051
793.8029
407.79504
643.14667
1065.717
690.16943
2186.8496
604.114
2225.4102
243.5809
1301.599
1254.7487
2204.833
1425.292
519.996
417.51297
1082.8171
207.06125
571.1964
1179.8812
1182.8365
1100.9165
764.1328
1095.603
2362.1782
939.4541
1114.6201
191.02283
2549.541
1123.178
927.9677
699.8578
1360.2653
1082.8397
920.91705
1279.1747
1407.4039
818.8376
749.3898
550.92
1203.7003
1027.9904
1454.1348
1502.6963
1380.2681
1058.9324
1404.5093
1437.2216
675.949
408.6178
932.7469
1015.605
1340.0127
1018.2254
834.3144
843.52136
1094.395
1609.6896
641.9939
1124.8177
540.1028
1329.2719
541.1383
1291.0952
1125.8643
1624.2598
417.16046
1131.8014
1240.4504
499.12793
513.2108
1127.4014
518.6276
231.66647
812.2099
1154.8931
1747.7864
1371.4127
1008.7421
1124.576
359.21448
1195.5913
1274.4276
2262.979
682.30023
248.87439
1021.3208
1367.1271
262.65143
439.55478
1071.426
1402.3331
755.3494
423.49243
342.0252
1355.8545
1594.6108
668.45374
557.9858
2455.7788
976.12964
965.9805
1161.7288
857.47437
334.03796
339.55743
835.57825
1133.8531
972.9163
932.98865
338.12994
2436.7085
595.02673
372.10034
1318.4773
904.78894
314.76624
1080.0211
1522.5881
429.3424
1174.5929
1083.2517
1597.7228
955.3603
968.3915
922.6499
427.9706
1163.0432
1001.40466
351.15024
1110.0939
1326.3474
313.85165
607.25287
663.3269
908.2326
492.86194
597.876
505.12973
616.3617
140.82675
395.09662
304.89124
744.7632
740.365
612.3034
693.73376
371.1576
1400.2179
813.0961
261.43118
728.05054
1578.9209
1109.851
1385.4264
472.57568
298.08157
1062.7334
934.66296
986.35876
1277.615
1119.1653
506.14865
1331.4905
147.78554
382.50906
1732.5981
772.3529
490.76227
204.02945
1429.975
486.386
849.66956
1220.4565
857.15735
1072.0398
567.88293
521.4136
997.8152
1099.4637
719.2928
1027.5598
1629.7926
1071.4033
866.99457
998.1103
620.07135
1504.3115
908.0677
1493.5052
734.1747
419.4236
1315.974
670.575
948.7988
487.4897
333.05582
987.0531
805.28394
589.10345
1590.4869
384.75162
989.95667
935.19055
447.7245
746.2843
777.52014
463.005
382.89557
805.858
1467.655
217.02621
1016.3556
461.93738
1042.4473
904.1895
819.2333
1058.4519
953.5321
1144.1204
1092.2842
858.6941
551.39545
714.3616
1520.2794
1767.2675
877.01294
1325.606
1063.7045
615.2582
537.2653
1367.0137
1390.7512
839.4048
1373.7975
1311.3142
460.33667
741.34894
1384.1777
527.449
924.3925
1228.0386
1220.1029
627.8458
1224.2405
487.87305
555.74664
1145.8535
617.75336
1203.8411
777.4338
1192.6544
388.2389
977.58325
1137.2969
1184.4111
685.60614
1329.5459
1077.2217
1412.3695
1021.8786
1203.7604
423.10062
673.1462
467.68066
693.5565
447.2408
1270.8154
894.18115
1635.8169
587.367
572.48315
718.3103
1248.6218
1243.9802
828.77856
2143.5312
587.7931
387.27765
757.04004
1149.6338
1156.5571
811.9111
435.0544
1200.3491
644.8654
600.58215
1259.8179
1287.7351
985.5325
1436.1433
1127.1216
455.44888
454.60654
744.4768
958.5286
1268.7173
1315.678
491.70364
174.52553
447.7727
351.57706
1002.2693
1478.0674
331.6198
716.71875
816.4463
470.44693
1597.5479
852.6017
757.6232
1123.2261
1557.4716
414.91058
1146.3958
1109.9595
1266.9768
619.0541
779.45593
410.5533
320.999
380.65677
736.26904
1392.7261
559.3761
748.0077
731.9539
641.5969
1039.9924
2182.4084
687.5791
1096.4226
937.7005
2393.431
492.57965
1461.0824
1446.503
755.3667
1124.4327
973.41614
970.2119
1284.0708
1057.8531
716.83777
2213.158
568.0968
377.4367
1080.0677
565.8648
656.7031
1739.8531
1546.7292
1313.4224
300.40295
1097.9585
248.41136
763.1981
1030.1311
1204.7793
661.7431
754.60645
881.51556
382.30453
323.35623
1190.3345
729.1635
427.14294
1455.979
1071.8705
1426.6726
887.6443
676.2904
151.99883
629.7413
1508.241
321.16293
363.1281
491.6602
571.1634
977.4242
1055.0992
681.7236
1290.4777
1163.0092
150.11635
998.6615
550.738
1130.5911
631.41187
1240.8407
1088.0757
1343.141
1140.8975
449.58057
791.54443
708.30194
1300.794
1332.0526
377.00262
1723.7626
343.5783
570.11487
1189.9597
900.19885
204.69846
806.53955
667.1686
1299.5411
530.81946
686.05853
1537.3833
1210.172
198.88348
1210.2003
826.2402
1277.6693
516.9165
1040.6871
1281.9102
1277.1447
338.28253
1112.3308
1658.1284
563.1058
1190.2805
665.122
730.34717
763.54785
685.0977
1376.5989
1146.6326
2388.3748
923.987
1971.7373
1217.9722
728.47327
1586.0947
1109.8899
2097.1309
593.32806
1131.6122
1185.6721
758.82916
606.2878
645.2138
1485.3909
802.1699
1120.6102
461.67468
507.4494
1557.2399
493.7279
273.78986
891.1117
391.62772
1167.7219
180.01506
979.16046
862.3904
691.1855
661.39935
258.22662
556.5477
273.86313
1025.2258
663.1934
1025.8359
451.2942
633.97394
1648.9508
1180.6426
1198.4677
572.19836
1100.236
1230.1903
1039.1327
326.72403
1102.7756
325.59384
379.07275
1042.4266
1432.1201
2263.961
1487.2313
474.80792
306.8926
915.5767
734.43604
923.4271
434.99985
299.88223
765.9635
327.50967
1103.9385
1231.4591
1162.707
1146.9246
462.92987
829.9418
1286.1448
1586.5281
2152.8643
797.22034
603.068
1034.8387
698.6276
775.55005
447.16208
782.8236
1001.40234
786.6549
1045.802
1550.1538
654.3871
571.67566
405.66864
1308.9735
536.81165
500.52612
1002.6199
944.4177
883.67505
1261.5212
1101.2627
1462.2246
999.12634
980.13684
619.23846
572.13904
596.05475
1605.4368
632.2148
1523.7289
1223.5408
1844.2128
440.5292
530.3996
934.47516
437.6474
1653.8297
565.8176
610.9457
1013.63727
1212.6302
636.1094
965.0419
1489.8566
718.6715
947.7976
1829.4594
691.73425
1182.5859
221.86896
1116.3954
467.4443
1458.2502
544.2223
674.4249
1393.5077
888.44257
1476.7794
1097.0497
1100.2832
952.03125
653.7173
1191.6622
461.59726
1465.4242
1043.0618
930.04877
340.59033
1005.7644
539.99133
463.54498
846.542
842.945
259.87595
1249.1182
1055.7858
1097.1501
397.61636
598.76904
588.8954
480.24652
965.3191
741.5771
1220.9255
387.4293
1545.4689
239.30408
791.5001
741.7001
608.73865
176.3277
753.84595
704.97485
682.0041
274.2152
640.55273
785.8706
431.04242
274.20828
345.17413
739.89856
1054.0547
836.2926
981.9269
1380.9738
1362.5267
728.94617
899.5312
1386.4441
1107.5449
904.1097
604.7837
985.41644
1329.0988
305.89548
599.3363
464.6712
2290.203
1059.5006
1638.2368
654.05786
447.03082
1125.083
1156.463
652.38446
1056.5076
1114.0565
415.10828
842.07794
581.8402
631.2284
321.74872
427.1007
781.6332
1434.6216
1102.7667
286.52103
607.9629
1260.0524
1177.6912
483.4676
391.78488
839.1203
580.4618
601.6185
1121.816
1183.5406
159.48778
1201.638
949.8677
1472.0414
1013.7987
789.5071
1531.2925
1245.6392
1333.6763
676.3544
837.1974
761.5409
765.573
1222.0088
1396.7534
1187.1123
1334.0364
1111.3458
1089.1073
526.07983
454.49973
1497.5706
387.78223
749.5857
656.61053
1209.7854
201.93243
688.2914
1734.605
1340.505
1195.1182
341.79785
1219.7858
475.0952
383.20416
1237.6926
1772.845
686.1258
991.798
976.3536
2010.6411
1044.2449
1370.7455
656.85254
1302.2603
1436.4528
1231.2532
1251.2594
566.8996
1229.7124
1214.9666
1271.3633
1064.7933
1058.3607
1158.3514
856.57043
640.535
448.75043
649.49963
825.40393
866.267
1319.6172
670.4265
1153.7642
1010.72
1123.1492
578.1664
705.2553
754.59375
511.15717
2304.7285
542.04755
1661.3613
2288.8728
688.1081
661.1753
2163.5337
1014.17084
765.876
1989.8612
483.6308
857.83685
1065.2739
860.45245
232.66052
492.92218
1150.6831
2442.0774
461.47473
508.8562
1438.2986
1542.8105
633.1354
339.91595
1430.3159
1284.0901
932.86334
1140.1984
1247.6025
1447.1111
1151.5358
357.2074
1043.1611
1220.1926
232.38373
358.57535
336.89606
1459.1624
495.0484
967.0176
999.96826
421.7731
1530.3982
403.31714
706.9132
1009.94226
1211.3625
1285.4565
1208.1387
794.063
474.23346
719.34644
1434.1709
539.0991
467.2276
489.0487
1203.4071
490.2216
1257.6914
802.3029
1072.8855
1227.2925
510.5446
1499.8708
543.9686
316.6235
1247.065
345.39508
1496.3503
797.5793
1456.4777
361.57068
1058.7909
1211.1704
1019.5499
601.7825
1466.378
1138.0642
1459.2726
1350.8049
1279.9573
349.5525
2201.9036
475.0634
472.92764
1219.4598
832.9147
1119.1533
1682.1571
1067.7473
1402.4915
2138.356
1409.034
609.44946
1378.9785
898.79474
458.66724
351.28998
837.13306
829.9532
1504.8816
1035.986
534.1607
859.3965
586.1878
1148.3129
1114.0779
1035.4905
501.68494
409.92578
1046.4298
794.70154
433.98187
1317.9873
731.5241
420.93668
1315.0308
959.5118
846.40466
440.67395
853.23035
640.1051
437.25598
815.5431
934.57117
751.6203
2379.9683
819.83746
977.5048
1327.46
1082.6359
536.69574
1158.4974
1099.3584
1274.6484
893.02716
328.66846
327.85135
1594.3038
1374.8503
1042.7688
935.0265
783.8413
1037.0278
1226.4371
1193.4579
1180.3022
1445.1191
514.1186
1194.883
269.54358
828.762
287.6872
471.55396
644.88043
1244.912
1208.456
1428.126
1148.1936
1341.0062
386.7331
689.4105
864.9043
1164.7816
474.89343
998.46014
948.2278
481.46313
1253.1168
1249.011
2284.1892
498.79825
953.48865
372.45575
1291.2056
1199.9597
1167.7913
1519.719
2259.432
1440.1051
404.5457
1415.6713
522.3975
878.3529
469.73776
755.71814
1208.1371
770.85986
548.7179
890.12317
429.60678
1273.0227
2290.4888
857.6145
2277.3481
1349.5642
1375.7532
549.281
1372.6682
566.72986
476.905
1307.8938
793.8102
528.80115
281.71747
1235.7645
771.7843
615.41223
925.52795
255.74475
455.32663
1109.2279
303.6623
829.3161
1056.2108
1472.3508
974.84467
724.07056
320.05286
1342.9657
1936.3357
578.84064
1056.9624
1430.0845
389.29874
845.0899
193.96454
306.90265
970.96765
864.3849
1808.7368
1821.4891
1331.7563
585.41425
329.0957
612.0996
866.20056
1054.2429
471.23083
387.37933
345.41168
1033.944
541.7925
1166.8778
1444.3533
706.50397
661.1382
790.796
1093.1188
403.90253
666.7047
948.1802
1506.6577
302.81863
1476.1407
1287.9843
1360.1344
530.0454
1258.1849
1264.9369
1204.2369
92.48473
727.1157
462.4942
672.34766
543.81964
1065.3337
1368.8804
1537.0836
508.00482
735.06714
835.3903
505.29352
2496.331
562.3583
642.5244
627.6006
875.8283
400.1482
706.9714
700.1614
831.9717
559.49286
1047.8848
247.33366
821.005
997.2646
480.73434
416.84174
1084.2867
708.0995
1145.3318
1551.1614
1798.6002
530.9762
552.0399
916.61584
719.6449
864.5371
1182.6935
2095.807
1791.8391
2396.606
645.3728
907.5782
1030.9559
900.78015
435.0074
963.7766
623.7833
820.5636
585.5122
661.4629
306.85516
909.35693
520.35583
1274.7432
972.23364
1495.8342
297.67017
938.0778
696.32574
757.1195
1125.4281
1245.2463
1444.8943
1193.9312
1025.9702
1196.0383
1427.3577
1131.8875
1186.8052
863.8407
1102.7673
1087.5569
790.694
382.52383
1243.8616
735.27734
615.92816
1022.5674
1262.5184
347.88367
588.8572
1434.0374
445.9239
1486.8882
500.1924
1616.2817
958.20624
1303.7719
2215.3008
513.2984
1601.5979
813.59827
1646.8944
2077.5435
1213.6975
938.58124
480.6051
472.56204
1259.5605
359.56464
2282.6895
482.54486
583.2521
833.86
957.4818
610.92474
529.46765
366.0812
1264.8171
1203.9697
383.0677
1587.5234
1320.4679
104.64253
597.14307
1012.26465
2464.7573
295.63837
821.8716
1478.8252
541.35583
1225.6733
1260.4164
2340.5088
2294.9094
1232.7549
665.40015
705.9271
1418.4186
563.7681
1167.6897
1065.9995
1303.5835
526.5795
1145.1343
1500.091
948.03424
1148.9443
471.6231
402.45355
713.6074
1002.7484
250.64407
1486.441
874.1304
733.0343
700.57007
1585.8461
701.58545
240.37164
676.5349
153.54523
462.07013
332.41342
1022.50757
997.27295
377.7276
715.01843
1016.80475
359.6458
1476.9478
557.49854
883.1373
881.028
691.8186
321.703
1193.4688
1070.3953
461.44788
743.47705
693.1597
1122.7131
914.9848
1332.3032
811.0277
1189.6149
325.10953
970.8914
989.22485
213.65558
829.5778
608.4845
442.72913
1472.5782
1428.3446
414.91104
1230.7485
1283.5312
844.55927
953.8009
1064.1544
581.4811
556.8454
439.50095
1382.9575
761.90704
671.25867
637.68726
1521.6238
629.9815
521.9281
923.48914
986.57886
277.1145
1086.8956
1248.0618
1049.7881
1584.3943
1360.6322
1511.0215
316.22687
1083.3038
381.7208
460.51202
1224.2052
1346.4878
671.2435
640.58307
486.84378
1756.2195
948.23627
589.38043
490.50372
937.4957
1384.9066
718.3557
1147.8668
406.11017
631.2462
401.0201
300.43622
729.547
1436.8473
392.6829
388.47906
1237.0754
599.1352
425.21207
649.8477
676.02234
1024.9479
1076.7446
1143.417
2162.0947
419.78674
1589.7949
945.67126
472.2115
1214.2498
1193.7104
692.89453
353.0467
1215.0055
1161.4858
1107.1362
542.2055
466.57846
328.04047
947.93414
448.2911
1216.439
473.1577
789.3344
767.12305
1616.4052
1069.0642
483.98297
1038.2787
1547.37
1481.5625
1905.6023
1582.8835
1194.5627
998.5777
159.69836
1431.1235
350.22873
1172.1116
1321.356
645.0382
909.50684
725.1044
533.4025
1036.2092
2083.4778
387.60953
623.5709
1147.1064
1024.9604
1629.2686
1310.7004
746.9204
874.9386
269.39868
463.67468
1190.4326
860.7987
970.0636
1207.5573
1737.9568
1141.408
318.83963
236.57784
1318.124
848.6937
595.3395
1234.5972
300.72937
813.6993
1357.5133
761.012
376.1887
1348.8043
451.1189
998.39844
1011.60767
1301.4183
1086.1421
717.9435
896.87024
1639.1631
1088.0122
897.6383
2365.8916
260.65002
579.58997
423.9627
692.2925
2213.273
1068.4635
1287.7834
1303.4707
1573.8691
1863.375
698.59436
1249.1201
1367.5962
881.94696
1128.0723
287.68973
217.83469
706.8868
1192.413
2285.299
1068.6699
2258.4695
699.96277
1101.0232
1406.4117
1538.8378
513.2856
1133.1738
979.4032
998.6394
1168.0308
198.68796
342.89267
983.05316
867.5877
545.4124
677.0419
1108.8933
1644.7986
1012.67676
654.22656
1165.198
246.99068
1206.079
721.8932
1447.3318
278.63763
1175.7094
506.5911
469.26566
512.91254
1240.6068
595.8583
1167.0955
1007.46533
1309.2891
1114.553
1622.4215
794.37506
560.2407
684.2088
1599.6653
787.0775
1087.5326
270.36176
134.85086
1152.5203
1112.9949
589.0488
603.9317
927.1873
1331.9663
260.73053
753.8657
608.7235
613.7775
954.2842
515.15564
1018.0204
1685.3269
1285.8346
421.60333
391.1942
627.1454
1272.3615
1297.0929
298.54364
1522.5847
1233.7065
1334.7433
1134.9324
1167.0902
1044.549
330.7159
527.366
492.84503
521.7112
1018.2677
1154.6505
602.2035
763.71875
1172.6383
771.56287
2398.2708
548.8073
588.286
539.43005
1508.3486
1163.7957
843.5111
342.23932
1266.4833
730.901
2076.9524
955.58923
482.2281
1197.5574
809.3814
580.5072
1513.6576
846.604
717.73267
533.64185
1010.3848
1386.487
1428.4502
857.3813
510.90448
654.5333
1064.7991
1013.78925
724.2028
389.65436
1996.4414
1017.6888
1194.645
1093.21
269.59955
989.27295
405.0221
357.7062
1114.5653
556.77496
91.06954
673.74207
1487.9265
558.392
434.1365
2411.7043
1091.5623
650.73505
1855.7936
587.35657
1091.5034
1343.8665
1023.34717
248.31993
898.4137
864.8375
854.88354
1202.3477
579.2364
668.88184
1614.3501
1041.923
908.90247
1154.9025
1669.0593
2377.6826
1379.2097
1245.5336
1210.093
957.0156
887.2622
1023.8625
536.06555
406.6031
898.9215
719.8607
211.12946
988.4741
1091.6854
510.13718
1208.9369
1195.4875
831.42236
687.30774
435.37872
802.95447
817.231
1145.1346
728.26953
1174.7102
942.55615
868.09106
1236.5977
457.82315
1290.4574
1316.6619
420.07806
2250.9307
809.3294
715.6643
435.93903
1007.88153
777.33655
301.23706
542.8523
969.79297
1594.721
1501.971
973.1285
2137.3474
598.259
552.45166
1419.4519
2319.8894
369.53925
2058.7065
1916.7053
453.26947
390.21008
1572.9967
656.54767
1398.601
1058.8569
1529.6459
1407.1785
1543.2026
1131.5928
974.6283
918.7214
1472.5685
499.7926
527.64246
547.30035
1349.6018
524.8911
926.1656
394.27463
722.24835
1013.44324
619.6471
243.81775
1272.532
1074.5397
1050.5908
1531.3414
578.965
1365.6162
495.8597
626.3372
369.26376
684.50305
434.25677
863.9634
501.53702
843.2261
1085.4738
1358.8749
870.10693
2151.903
1144.1372
1227.553
1251.7661
427.17133
335.57483
489.88116
647.1953
623.4788
247.68814
1306.1116
1542.7997
631.80853
519.20087
1229.9302
1459.5222
1171.0315
551.80164
1042.7834
475.12512
1546.8932
1163.6117
475.6996
227.7543
1222.5864
453.1015
1507.5492
1237.9033
1424.9152
667.07886
255.73488
862.0445
1095.7805
1270.7396
847.4269
533.8817
636.2604
1205.1394
944.30774
1429.7177
1028.8325
425.1291
812.60504
655.2746
785.58185
1081.1556
741.47784
1102.971
546.1971
506.96188
943.9024
615.4972
1316.2122
768.3234
1587.7349
1389.9391
739.3659
322.53046
1306.1533
423.3542
944.55426
437.67853
887.12
244.4771
776.42017
539.5724
911.84265
696.74365
1443.7871
1588.353
251.78818
1103.4454
1249.3394
953.50616
529.0406
1034.7948
1517.4678
615.9076
443.5119
1011.9442
2239.877
1890.7395
619.9745
818.61255
650.5907
769.86383
1212.7219
602.5584
1137.2223
1836.1577
1142.6978
1417.9974
496.12308
536.9192
891.454
775.0787
637.22705
1357.6532
376.89783
759.7003
1492.7322
763.848
428.7656
1480.4354
1488.3876
366.88834
1158.5748
847.8823
1225.6904
393.53604
1414.9099
591.5756
538.2795
1123.5587
998.7143
1008.2306
1299.2578
414.02478
587.3562
1386.7269
1022.23804
1252.032
528.7687
430.21503
1435.9899
1744.5426
1748.6084
784.1669
124.794815
318.33768
918.31226
443.7578
385.48468
1050.4954
765.0426
482.626
194.94838
741.0001
590.8593
1291.0405
1098.2776
1211.4622
1265.3148
452.83182
1251.4985
975.7069
1173.8761
1129.5747
1130.3217
1288.4009
721.2555
604.41016
896.60754
319.5933
2010.8235
247.91512
1009.90735
1192.7681
1226.7327
1136.4602
1257.7793
1001.8014
961.942
1328.6709
1096.2109
1077.3225
606.41656
494.42865
1279.3418
525.7872
1168.1284
1101.935
1018.9505
542.3761
399.47974
387.63474
1018.32214
643.80133
1277.2252
1232.3375
1879.5645
1020.65955
813.23206
641.3611
580.2393
551.00415
1086.4897
1147.1505
914.6786
1838.9802
911.4896
1716.6001
2337.0688
536.44495
417.01837
860.85236
646.56866
682.8849
1043.0502
1466.6389
1287.8838
600.36127
860.3832
693.4248
590.3676
1444.974
1569.9976
1076.9136
1225.1333
642.75494
582.6351
340.35095
1329.2742
