1288.3445
1022.65356
902.59375
1193.2368
593.2295
1286.4263
1129.1389
236.52075
1231.9471
719.92914
458.64114
880.0148
365.61526
1379.3491
1266.8668
993.0303
1348.7717
1184.9587
1526.4258
371.85406
2252.782
1162.7555
365.94598
817.513
534.93463
422.87344
1437.3289
1324.9565
859.99304
1156.3523
542.16064
462.92096
399.14142
457.96536
1376.9067
326.49957
1061.676
582.14545
2113.497
504.52063
785.6422
1513.4357
597.4285
382.5558
329.3381
447.10083
1175.8633
728.9137
561.6642
275.15115
657.4252
1463.6758
938.6216
1317.3987
928.3833
796.2758
672.63135
1183.6775
484.19266
655.3231
1240.323
337.62372
302.6546
1136.1207
1486.5864
1145.0271
397.6914
1071.1875
606.1789
1276.1381
1162.8792
767.9625
1175.7317
1225.4956
913.85236
898.04456
769.74316
1094.4941
489.2439
1315.3491
819.00244
1328.7632
220.62137
1159.1863
755.0219
1043.5853
877.47437
1114.8744
1008.17065
1115.8983
1354.0117
844.2075
1238.4398
2418.9985
692.0895
1319.3789
608.48755
1164.2341
657.2791
699.39264
1449.5583
1101.9598
1205.6985
383.70288
1045.5193
1353.0071
832.6171
738.2182
2259.6064
2381.6592
1428.9036
498.5696
795.11774
278.99185
554.704
398.27966
2305.2722
1087.6868
1342.573
672.29004
361.49088
750.34174
1204.9031
1363.8566
1337.322
1048.2706
389.39764
553.41785
2309.0386
855.5867
664.5353
467.56256
1022.89325
2061.505
1226.1077
189.02397
1148.4493
614.9586
858.9074
1013.458
1328.8909
1388.731
478.23993
756.64496
814.531
511.74622
836.20807
1117.2373
363.73865
1285.8163
2332.812
918.5762
983.6924
408.0053
742.7388
1088.4795
1177.3119
1420.7151
900.7611
305.43896
1080.9978
1355.4042
784.2369
1078.4017
1101.0466
844.8624
2389.0762
1477.845
847.6577
725.78284
854.01965
365.2728
566.93835
551.5802
486.08743
1546.3274
1202.361
505.34045
1202.6052
805.1595
1496.4448
577.24207
2551.8333
402.96875
2316.2578
1951.8428
1518.1547
2357.831
408.88593
1390.3628
852.3645
572.5106
1380.894
1050.3177
213.44077
354.99423
870.89075
354.78638
698.845
1523.2753
1015.14716
1162.01
1195.114
594.9926
301.02142
778.4378
626.39276
500.5159
385.91815
1073.633
899.7086
558.0529
422.62164
2246.726
1434.2222
795.87024
409.18335
644.8788
1068.6755
691.50287
2189.3618
605.83374
2226.7056
244.91307
1303.8794
1254.4962
2206.918
1426.3955
522.34753
420.12512
1085.9761
208.75558
572.1992
1183.2651
1183.3812
1101.4532
766.45685
1097.4498
2363.4417
941.72504
1117.0862
192.92009
2549.9622
1123.5798
930.471
700.4704
1360.0803
1083.6785
920.9491
1279.8647
1407.6294
820.52606
751.9847
551.3876
1204.8009
1031.2206
1455.5396
1502.4626
1380.7855
1061.1365
1405.4403
1437.4164
678.9535
408.96472
934.65045
1016.96716
1340.5507
1018.7705
835.9246
845.523
1098.3312
1612.5035
644.4963
1126.1115
541.6664
1330.09
542.65405
1291.7217
1127.1265
1625.344
419.42
1132.5745
1240.3352
501.00226
514.0218
1128.3955
522.59625
233.31134
812.2765
1155.4731
1750.6223
1372.4252
1010.4929
1124.9208
360.73587
1197.2832
1275.1533
2262.7417
683.59143
252.28549
1022.32
1367.616
265.78842
441.86542
1071.2134
1404.1025
758.17126
424.3858
345.06042
1357.4807
1595.083
671.3322
558.71313
2456.196
978.6188
966.5614
1162.6605
857.9058
337.58234
343.94034
836.9234
1137.3367
974.86584
934.099
339.6957
2437.7249
596.7101
377.18323
1320.7638
905.3603
316.38312
1082.1924
1522.3435
430.0376
1175.5391
1084.2747
1600.6299
958.6689
968.51245
924.4591
429.59473
1163.1781
1001.635
353.32358
1111.4668
1326.7057
316.10068
608.3965
664.89966
909.5985
495.4998
598.79285
507.16458
617.7411
143.1737
395.85358
306.80048
745.652
742.0655
614.00366
694.89514
372.49243
1400.8916
813.9901
263.84518
730.69434
1580.1694
1110.3823
1386.1008
474.06403
301.4162
1063.4852
936.1744
986.5602
1276.8586
1120.5193
506.82
1334.5583
151.2466
385.913
1732.802
774.9322
493.05988
207.36134
1430.8396
488.62665
852.3677
1220.1748
857.72174
1074.3999
569.46515
523.2798
999.3325
1099.689
721.9628
1029.3214
1632.3086
1071.9641
868.9561
999.4596
622.87854
1504.6112
908.5288
1493.411
736.6687
422.00735
1318.0017
671.59607
951.9237
490.63367
334.4726
988.7472
807.3983
590.52045
1586.0586
385.8396
990.6297
936.2739
449.8089
749.004
779.4451
465.33597
386.3551
808.6981
1469.1166
219.83578
1016.254
464.50793
1044.7097
905.70593
819.5575
1060.0753
955.34436
1145.6984
1092.8134
859.13367
552.42346
716.1824
1520.6447
1768.0681
878.7905
1326.3694
1066.1803
617.07666
538.67535
1369.7975
1391.2152
840.7365
1373.6722
1313.1052
462.4259
745.7627
1386.6504
529.20355
926.3811
1230.5037
1220.1675
629.9983
1225.9647
488.77274
559.69183
1145.9816
621.8591
1204.398
778.5312
1192.4014
389.5438
979.02264
1137.9556
1183.7705
687.59985
1330.66
1078.4302
1415.6765
1022.13055
1205.9458
425.3664
674.5679
469.64893
695.7864
448.0476
1273.9624
896.7759
1636.4353
591.36096
573.5657
718.7009
1249.3663
1243.8411
831.0735
2143.8325
588.301
390.0959
758.03143
1150.0088
1160.2656
813.4077
435.7649
1201.7771
648.57104
601.5352
1263.4114
1288.3901
986.2958
1437.1548
1129.0009
456.48578
456.12143
746.6262
958.47485
1269.8812
1317.2324
492.65714
176.35223
450.63126
352.00995
1002.4
1478.6425
335.4547
717.6255
818.7009
470.94034
1597.9855
854.78577
759.13074
1125.4663
1559.521
416.1783
1146.7256
1112.88
1266.7852
620.0579
783.2002
413.43372
322.9885
381.6639
738.6293
1395.3257
562.1026
748.9988
733.12195
643.5504
1039.7048
2182.2273
690.47833
1096.7754
939.4464
2387.6602
495.5453
1463.4832
1447.3047
755.9213
1123.9938
974.39087
971.7072
1286.9698
1058.532
718.06226
2213.878
569.1308
379.14536
1081.6411
567.3717
657.95416
1743.5284
1548.6594
1314.8262
302.9262
1099.4451
250.95895
764.90826
1029.8309
1206.8396
662.878
756.5222
884.28253
383.2867
325.28033
1191.781
729.8375
428.8707
1457.495
1071.7599
1427.3789
888.93933
676.8349
154.78358
631.9713
1508.3689
322.2673
365.79352
494.3206
572.5656
977.67334
1054.9656
683.33545
1293.3333
1164.5857
153.06796
1000.21326
552.63965
1133.8553
633.817
1241.8909
1089.2594
1343.702
1141.6346
452.1236
794.2836
710.2499
1300.7463
1333.3865
378.79242
1727.0137
346.25262
571.5227
1190.003
901.4253
206.40921
808.40247
667.5927
1300.6008
533.17706
687.8267
1538.2971
1210.239
201.1475
1210.8116
827.6795
1277.2815
518.1637
1043.4619
1282.9673
1276.9631
340.88983
1114.1167
1658.2911
564.67737
1191.1102
666.7394
732.2302
765.12036
686.39624
1377.1898
1148.9276
2390.1614
924.61383
1971.3672
1219.1042
729.46466
1589.8264
1110.4543
2099.313
595.0701
1131.6934
1186.845
759.32635
607.0498
647.07544
1487.0813
802.791
1120.7808
463.43713
509.09882
1556.7866
494.77155
274.5074
892.6622
392.69485
1169.9839
183.41138
982.2442
865.2965
693.8268
663.3926
260.89957
559.112
276.58264
1025.4075
664.2244
1027.9521
454.46854
636.06055
1652.1263
1183.0815
1199.972
575.1864
1100.8561
1230.6296
1040.1086
328.82388
1105.8032
327.88504
379.33957
1043.364
1432.5116
2265.2017
1489.5383
476.33182
307.96335
915.7814
736.33417
925.9387
435.30084
302.19952
768.4779
329.44882
1104.2947
1231.9979
1163.4419
1147.2562
464.80524
831.01685
1287.2405
1587.3191
2151.9563
797.8545
605.36865
1034.4814
701.30396
778.738
448.0586
784.61816
1002.6888
788.55695
1045.852
1550.0798
656.1714
574.06213
408.0637
1310.0094
538.3541
502.59933
1005.29895
946.64526
885.68304
1262.8966
1101.6221
1464.6067
1001.2046
980.698
619.3873
574.33374
597.7894
1610.2687
634.06726
1525.2876
1223.4944
1848.4055
441.4953
532.8933
936.4602
438.24323
1654.0955
567.3517
611.9793
1015.2094
1213.233
637.0974
966.39453
1489.9302
720.11084
949.8314
1832.1621
693.098
1182.7375
224.32639
1118.5851
469.7385
1458.6735
546.9302
674.784
1394.2113
889.15656
1477.7067
1098.7539
1101.0765
954.43616
655.5934
1191.9683
463.22736
1466.6549
1045.29
931.8966
340.79706
1007.2231
542.7107
464.52127
850.62427
843.3983
263.12262
1250.2957
1055.3877
1100.0869
399.5323
600.39844
590.5783
483.2452
966.5466
743.28613
1223.062
389.52753
1546.751
240.1889
792.23895
743.68933
610.4237
178.60489
754.7907
708.1629
683.9408
276.3386
642.3933
786.6731
433.2685
276.6626
347.64673
741.22516
1055.867
837.52844
984.28125
1382.4314
1363.3074
731.04486
900.0196
1386.7365
1110.4972
906.0952
606.18176
986.7186
1329.3937
307.03738
602.24524
466.61816
2290.7476
1060.0411
1639.4431
657.50916
449.03738
1126.0212
1157.0056
654.2563
1057.1833
1117.1039
417.36365
843.7107
583.78723
633.37317
323.47717
429.4934
783.2527
1434.669
1105.8185
289.02515
608.27594
1263.5276
1178.6011
486.3465
393.94897
839.9012
582.08276
604.02405
1122.2769
1183.8435
161.85881
1202.493
953.1782
1472.3069
1015.75256
791.5604
1532.2307
1245.4077
1335.0364
677.9183
838.47266
764.28827
768.04065
1221.7451
1399.5679
1187.7512
1335.4121
1113.2029
1088.9325
528.4673
456.29095
1499.3654
389.14716
750.22314
657.2206
1210.0647
204.35959
690.9736
1738.0275
1340.5723
1195.6421
344.44843
1219.574
475.53064
385.1801
1240.8458
1774.6447
685.723
993.7874
977.6605
2011.0902
1045.7845
1370.9877
659.2927
1304.283
1432.8662
1231.2938
1251.594
569.33167
1230.114
1218.5062
1271.8121
1065.8037
1059.4253
1158.0145
858.2742
641.66846
450.76297
650.15247
826.5818
868.0416
1321.3158
672.3174
1154.1625
1013.6343
1125.0779
580.10205
705.64984
756.8098
514.05945
2305.2617
545.22754
1661.9302
2290.3013
688.9527
664.1205
2164.0972
1016.1956
766.2005
1988.802
485.1784
859.14954
1066.5898
862.7122
234.04549
493.6929
1151.9814
2442.2761
462.70496
511.0761
1438.192
1543.552
634.0465
340.90057
1430.6243
1283.8821
934.40344
1141.8015
1248.3325
1447.4384
1151.853
357.65277
1044.5452
1221.1401
234.71869
359.58612
337.84116
1459.4741
498.00644
968.9337
1000.3131
425.47205
1531.7278
405.56427
709.61035
1013.10077
1211.2498
1287.1746
1211.1523
795.40155
476.08023
721.9834
1433.9619
539.4533
468.21515
491.20972
1206.5181
491.78897
1258.7869
804.4168
1072.7144
1227.5193
513.1377
1501.8284
545.1771
319.73798
1247.8904
346.6982
1496.9897
800.58185
1458.4362
363.18994
1058.8325
1211.2107
1020.9785
602.7641
1468.9199
1138.1974
1460.2146
1352.4609
1281.5479
350.96826
2201.9526
475.38806
474.24823
1221.3434
835.63513
1120.9058
1682.6759
1068.2651
1403.1898
2138.8696
1409.7792
611.1946
1379.0028
901.9375
461.67355
352.83112
839.2931
833.2625
1505.9836
1037.8275
534.65967
862.417
587.0273
1149.4043
1113.6982
1035.7595
503.42834
411.21866
1047.9487
797.1411
435.44507
1318.1733
735.40125
422.56296
1315.9126
961.7112
848.0051
443.3637
855.23535
641.80615
440.4474
817.17096
935.0579
753.38635
2378.4165
820.642
979.4762
1329.6625
1082.4935
537.65735
1160.001
1099.5671
1274.1167
894.9855
329.68427
330.38556
1593.9186
1377.8691
1043.4565
937.77856
786.7666
1039.7141
1226.4104
1195.6833
1180.6792
1447.1333
514.9357
1196.1555
271.33423
831.217
289.59808
472.69482
647.728
1245.614
1208.3315
1429.0278
1147.9971
1342.8314
389.06625
691.1286
864.9469
1164.6191
477.8572
1001.13696
949.07605
483.8905
1254.258
1250.4032
2287.1343
499.85944
955.67084
373.18628
1291.5746
1201.6802
1168.9689
1519.5288
2260.0537
1441.6143
405.59177
1415.429
523.2067
879.27515
471.22388
759.2778
1208.5835
773.41656
550.2891
893.06085
429.96387
1273.1333
2293.23
858.65356
2277.9194
1350.0524
1376.0918
552.79645
1375.2649
567.3618
478.98587
1308.1644
794.1419
529.59155
282.59583
1238.3567
773.1995
618.4038
926.42346
257.94
457.06335
1108.7095
306.01303
832.4691
1056.763
1474.6973
977.8568
725.2043
322.7883
1342.7781
1935.9084
580.25
1059.1843
1431.1833
392.6672
846.0963
196.19345
309.68497
971.2081
866.8937
1810.1354
1821.7411
1331.5448
587.6582
331.13406
613.5049
868.4491
1055.4521
472.93494
388.85257
347.13898
1035.3632
543.6444
1167.2104
1444.2571
708.5695
663.10675
791.3089
1093.6711
404.79422
668.63226
949.5394
1508.5342
303.998
1475.7212
1289.7509
1361.2134
531.49084
1258.6565
1265.0615
1206.4932
94.1592
729.2013
465.21307
675.30115
544.51324
1066.0413
1371.0583
1538.8048
509.82227
736.0139
836.28595
507.00507
2498.0137
563.3081
644.4343
629.44446
876.68945
402.23895
708.8164
701.31616
833.7228
562.52527
1049.633
249.4484
823.7778
997.9209
483.02448
419.8341
1086.3739
710.1488
1145.512
1553.6179
1802.783
532.3425
554.7722
917.2077
720.5405
867.16187
1183.7754
2093.9922
1793.9277
2398.526
646.10266
909.2555
1031.9795
902.8318
438.27768
965.1619
624.5202
822.82666
586.7591
662.83405
310.03516
911.45624
523.8082
1275.2993
972.9042
1495.8833
299.56613
939.00464
696.4673
757.9624
1126.9764
1246.3895
1444.1067
1195.0825
1027.949
1198.2725
1428.4851
1134.4297
1186.6323
863.9429
1103.348
1088.2538
790.42786
384.3499
1244.9469
736.9022
618.23773
1023.5073
1262.5648
350.40567
591.3609
1433.869
449.14966
1487.386
502.64288
1616.5975
960.536
1303.9459
2215.7444
515.1676
1603.3162
815.4197
1650.2733
2077.7236
1214.8391
941.14716
482.18307
472.71057
1260.3726
360.16693
2283.4355
483.57016
586.5253
834.4509
958.61035
612.52594
529.9114
367.8405
1265.6783
1205.03
383.7813
1588.4182
1322.759
106.9693
598.6361
1013.16296
2466.3208
298.47345
824.21625
1480.8127
542.5012
1226.5757
1262.517
2342.6562
2296.2266
1233.1718
667.4553
707.11584
1415.8159
565.66394
1168.4541
1066.473
1303.6555
527.8002
1144.8105
1500.9475
948.9614
1150.0916
474.29645
405.36902
716.3207
1003.7544
252.3174
1486.8466
877.03314
735.01355
701.12933
1588.769
702.3368
242.4774
678.916
155.49734
463.5992
335.0904
1024.0806
997.5143
379.59894
715.85876
1017.3884
361.75238
1477.4187
558.9156
884.07904
882.88806
694.2385
324.9069
1195.4926
1070.6458
463.15884
745.49414
694.9562
1123.8256
917.84125
1333.3538
812.3185
1190.2019
326.88275
972.5261
991.2895
215.8871
830.3922
609.4392
444.34235
1472.7358
1430.0222
417.6249
1230.853
1285.1929
845.37195
956.68616
1063.1093
584.03674
557.9204
441.8827
1382.6237
763.2848
671.53186
639.37195
1521.6471
630.51135
522.65686
925.85565
986.1736
279.95187
1088.8257
1249.834
1049.8726
1586.1259
1362.5033
1510.8407
317.78217
1085.9467
383.98788
462.84018
1223.444
1348.3674
675.2804
642.9737
488.86584
1756.7803
950.3106
591.2886
491.2339
939.74695
1385.659
718.7906
1147.6427
407.29816
634.69617
401.99258
302.11887
731.08606
1437.7493
395.17148
392.4203
1237.7938
599.8386
427.00458
651.1181
677.19226
1026.1311
1075.7957
1143.271
2156.7097
421.6098
1589.1826
947.40247
472.77795
1214.3726
1194.042
696.62396
355.40295
1218.3008
1162.7174
1108.1559
544.5884
468.2553
329.28806
949.1283
451.1544
1216.8761
475.42554
790.9947
769.32074
1617.3123
1069.2649
486.51163
1038.7207
1550.3678
1481.5273
1907.9735
1585.0408
1196.7445
998.87476
161.50401
1432.8177
351.75
1173.6863
1321.3293
646.5528
910.3031
726.26215
534.7977
1036.6093
2083.0508
389.06354
626.87744
1150.761
1027.2539
1632.2677
1310.939
749.47876
877.63965
271.40616
466.6491
1190.9495
862.7334
971.01843
1209.8856
1738.5282
1141.7449
320.40643
238.44211
1319.5013
851.3479
598.0659
1235.2188
301.93445
815.9053
1359.9847
763.21155
377.367
1349.0975
453.00705
1001.43835
1014.1548
1303.2327
1088.3506
718.86426
898.0412
1642.5371
1088.8418
900.62964
2366.1646
262.03427
581.42395
424.85626
693.74335
2212.7615
1071.3455
1288.7467
1303.595
1575.6082
1866.0381
700.85144
1250.3912
1367.4923
884.2868
1127.5562
291.9988
219.64273
708.8566
1194.9019
2287.0464
1069.1957
2257.9395
702.8779
1102.0774
1406.5763
1541.1859
515.3191
1132.5496
980.1068
1001.1199
1169.7096
201.78317
344.0122
986.35065
868.3613
546.6196
678.30884
1108.7327
1645.2646
1014.7419
656.8239
1166.7645
249.93924
1207.2415
724.99915
1447.1887
279.10364
1177.844
508.00745
469.8119
514.4934
1243.7687
596.77264
1167.3109
1008.79675
1311.2106
1115.1361
1624.5162
796.82556
560.87787
686.5799
1599.9977
788.84644
1087.9182
270.6625
137.02754
1153.421
1116.5961
589.8773
606.44366
928.67926
1331.8171
261.82568
756.0543
609.8589
615.8069
956.432
517.21924
1019.3557
1685.9502
1286.3988
423.29935
392.8033
627.97595
1274.021
1299.1895
300.9248
1524.8466
1235.738
1334.6815
1137.6609
1168.555
1044.3418
332.12988
527.9398
495.42993
524.167
1019.0021
1157.4923
604.76086
765.44904
1173.6475
773.8524
2400.9717
550.825
590.8191
541.81433
1506.4044
1164.0807
844.39514
343.81348
1267.3142
732.70105
2078.8945
956.6604
483.8573
1197.7177
810.51776
582.0888
1517.5079
847.2948
718.3875
535.92957
1010.884
1388.0391
1430.4958
859.5646
512.0719
656.01135
1065.5703
1015.85547
726.8262
391.87598
1995.032
1020.87836
1194.7959
1095.5475
271.56277
989.17554
408.04987
358.85742
1115.8586
557.2368
92.544106
674.24536
1488.7701
559.2659
436.41446
2414.1392
1092.4617
652.1504
1857.1556
589.1748
1091.555
1346.1757
1024.4387
249.47232
899.944
865.4906
856.2183
1202.2993
580.40784
670.06824
1617.6207
1045.5852
910.733
1157.0521
1672.1465
2377.439
1380.5575
1245.6295
1210.5549
959.7604
890.2132
1024.355
537.56885
408.01086
900.8659
721.6677
212.71509
988.8799
1093.3156
511.79858
1210.4437
1196.7024
834.36395
690.1658
437.15445
803.266
820.10254
1144.741
730.4432
1178.1825
944.5064
868.6767
1236.8481
459.99646
1290.7284
1318.2699
422.1951
2247.9995
811.30005
717.67554
438.05917
1008.69006
777.94727
302.08832
544.47144
970.3015
1597.082
1504.1836
975.47546
2139.4185
600.55884
553.9851
1419.4319
2321.0596
370.8179
2058.5803
1918.8822
454.71268
391.54578
1573.8489
657.28827
1400.5883
1060.8507
1529.886
1407.8887
1547.0197
1132.1204
975.7743
919.64124
1472.9769
500.2373
528.8956
549.71436
1350.838
526.31104
929.101
396.7874
724.0814
1014.9252
620.8732
245.79121
1274.9381
1074.0171
1051.7104
1531.8934
581.1201
1365.3787
497.54843
629.51697
373.00125
688.36676
435.51785
866.2987
503.5265
843.84314
1085.0708
1360.5509
872.0838
2152.1904
1144.798
1228.1519
1252.5369
428.40668
337.4995
491.2143
647.75793
625.62024
249.98828
1306.2002
1544.9138
632.87476
520.8656
1229.4806
1461.2129
1171.4171
554.8838
1042.9467
476.30994
1547.7609
1163.2311
476.90305
229.95975
1222.6453
453.2665
1505.47
1238.516
1425.016
670.1313
256.68097
863.1201
1095.6101
1273.8804
849.47974
536.38745
639.204
1204.6738
944.6302
1432.2333
1030.3575
426.69742
813.252
655.8264
786.0126
1083.7485
743.55286
1103.8491
546.5549
507.91266
946.8081
616.4628
1318.0172
771.0574
1589.5797
1391.9277
740.7142
325.23596
1306.9099
424.15594
946.5176
438.7399
889.6018
245.87097
779.1555
543.14526
913.735
697.91724
1445.046
1591.333
252.90051
1104.2762
1249.3695
956.1276
530.31744
1034.9877
1518.5037
616.848
443.9288
1013.4405
2239.7651
1890.6492
622.0713
821.4896
652.43774
773.30115
1215.3538
603.3108
1137.5558
1838.5073
1143.9607
1417.9271
499.25275
538.32983
893.3711
777.27515
638.6347
1358.6326
378.2925
761.14813
1493.4023
766.812
430.35162
1480.9025
1490.1833
369.0232
1157.9934
849.6467
1227.7224
394.5915
1415.9917
592.2655
541.2482
1124.6593
998.52
1009.0676
1301.448
416.23276
589.58136
1388.3125
1025.1428
1254.875
530.198
432.98688
1436.5823
1745.3595
1749.2822
787.02606
127.765045
320.47906
918.85284
444.9696
387.2226
1053.3346
767.5929
485.15564
196.20082
742.4618
592.0062
1291.1716
1100.5928
1212.4904
1266.4868
453.9677
1251.8031
978.4127
1173.9733
1130.974
1129.9211
1289.6606
721.7289
605.5647
897.40344
321.9623
2011.3011
249.06635
1011.3032
1192.989
1226.2372
1136.0874
1258.3279
1004.2682
963.8372
1328.4192
1099.4863
1079.1228
607.5452
495.74576
1282.7932
527.69763
1170.2942
1104.3916
1021.4752
543.7197
400.37366
389.7993
1018.9152
646.07574
1276.344
1233.2269
1880.7612
1023.2827
815.64276
642.2744
580.4264
551.89484
1087.1498
1147.8647
915.22955
1839.9778
912.5905
1719.8585
2337.6165
537.6218
420.718
861.2081
648.46686
683.97156
1044.7021
1469.5918
1288.4678
601.2389
860.83636
694.2423
593.43243
1445.5051
1572.0977
1078.6193
1225.892
645.392
585.41736
342.8944
1330.0837
